time heart-rate
0.643 93.312597
1.265 96.463023
1.883 97.087379
2.517 94.637224
3.17 91.883614
3.836 90.09009
4.501 90.225564
5.167 90.09009
5.831 90.361446
6.431 100
7.02 101.867572
7.59 105.263158
8.145 108.108108
9.726 113.851992
10.23 119.047619
10.731 119.760479
12.18375 123.902944
11.6995 123.902944
11.6995 123.902944
12.668 123.902944
13.14 127.118644
13.5985 130.861505
14.057 130.861505
14.513 131.578947
14.965 132.743363
15.412 134.228188
15.854 135.746606
16.293 136.67426
16.7285 137.772675
17.164 137.772675
17.593 139.86014
18.019 140.84507
18.447 140.186916
18.867 142.857143
19.284 143.884892
19.701 143.884892
20.119 143.54067
20.525 147.783251
20.937 145.631068
22.14975 148.423004
21.7455 148.423004
21.7455 148.423004
22.554 148.423004
22.952 150.753769
23.351 150.37594
23.747 151.515152
24.537667 151.770657
24.142333 151.770657
24.933 151.770657
25.321 154.639175
25.713 153.061225
26.102 154.241645
26.493 153.452685
26.877 156.25
27.651 155.038761
27.264 155.038761
28.038 155.038761
28.4235 155.642023
28.809 155.642023
29.573 157.068063
29.191 157.068063
29.955 157.068063
30.336 157.480315
30.717 157.480315
31.101 156.25
31.48 158.311346
31.859 158.311346
32.241 157.068063
32.623 157.068063
33.004 157.480315
33.3855 157.273919
33.767 157.273919
34.147 157.894737
34.524 159.151194
34.909 155.844156
35.284 160
35.664 157.894737
36.046 157.068063
37.18 158.73016
36.802 158.73016
36.802 158.73016
37.558 158.73016
37.938 157.894737
38.32 157.068063
38.6985 158.520476
39.077 158.520476
39.451 160.427808
39.832 157.480315
40.218 155.440415
40.591 160.857909
40.972 157.480315
41.349 159.151194
41.728 158.311346
42.109 157.480315
42.862333 159.292035
42.485667 159.292035
43.239 159.292035
43.6215 156.862745
44.004 156.862745
44.379 160
45.137667 158.172231
44.758333 158.172231
45.517 158.172231
45.893 159.574468
46.272 158.311346
47.028 158.730159
46.65 158.730159
47.406 158.730159
47.7795 160.64257
48.153 160.64257
48.536 156.657963
48.909 160.857909
49.287 158.730159
49.66 160.857909
50.041 157.480315
50.416 160
50.789 160.857909
51.173 156.25
51.5445 161.507402
51.916 161.507402
52.298 157.068063
52.666 163.043478
53.416 159.999999
53.041 159.999999
53.791 159.999999
54.9145 160.21362
54.54 160.21362
54.54 160.21362
55.289 160.21362
55.657 163.043478
56.014 168.067227
56.404 153.846154
56.778 160.427808
57.152 160.427807
57.526 160.427807
57.898 161.290323
58.2715 160.64257
58.645 160.64257
59.0135 162.822252
59.382 162.822252
59.758 159.574468
61.603 162.6
61.974 161.725067
62.345 161.725067
62.71 164.383562
63.0765 163.710778
63.443 163.710778
63.812 162.601626
64.179 163.487738
64.546 163.487738
65.281333 163.191297
64.913667 163.191297
65.649 163.191297
66.016 163.487738
66.381 164.383562
66.748 163.487738
67.114 163.934426
67.48 163.934426
67.842 165.745856
68.209 163.487738
68.579 162.162162
69.311 163.934427
68.945 163.934427
69.677 163.934427
70.039 165.745856
70.382 166
70.768 164
72.596 164.113
72.956 166.666667
73.317 166.204986
73.6805 165.061898
74.044 165.061898
74.413 162.601626
74.776 165.289256
75.139 165.289256
75.499 166.666667
75.867 163.043478
76.231 164.835165
76.592 166.204986
76.962 162.162162
77.325 165.289256
77.69 164.383562
78.0515 165.975104
78.413 165.975104
79.143667 164.233578
78.778333 164.233578
79.509 164.233578
79.871 165.745856
82.049 165.289
82.41 166.204986
82.767 168.067227
83.128 166.204986
83.491 165.289256
83.853 165.745856
84.214 166.204986
84.577 165.289256
84.94 165.289256
85.298 167.597765
85.656 167.597765
86.014 167.597765
86.379 164.383562
86.734 169.014085
87.097 165.289256
87.455 167.597765
87.811 168.539326
88.17 167.130919
88.527 168.067227
88.885 167.597765
89.243 167.597765
89.605 165.745856
89.964 167.130919
90.318 169.491525
90.674 168.539326
91.032 167.597765
91.39 167.597765
91.745 169.014085
92.104 167.130919
92.4625 167.364017
92.821 167.364017
93.17 171.919771
93.525 169.014085
94.237667 168.381666
93.881333 168.381666
94.594 168.381666
94.948 169.491525
95.307 167.130919
95.666 167.130919
96.013 172.910663
96.366 169.971671
96.721 169.014085
97.078 168.067227
97.431 169.971671
97.787 168.539326
98.491667 170.293284
98.139333 170.293284
98.844 170.293284
99.198 169.491525
99.5505 170.212766
99.903 170.212766
101.667 170.068
102.018 170.940171
102.3685 171.184023
102.719 171.184023
103.073 169.491525
103.429 168.539326
103.779 171.428571
104.1335 169.252468
104.488 169.252468
104.84 170.454545
105.193 169.971671
105.538 173.913043
105.889 170.940171
106.243 169.491525
106.594 170.940171
106.945 170.940171
107.299 169.491525
107.65 170.940171
108.003 169.971671
108.356 169.971671
108.706 171.428571
109.052 173.410405
109.404 170.454545
109.7555 170.697013
110.107 170.697013
110.812333 170.132325
110.459667 170.132325
111.165 170.132325
111.518 169.971671
111.871 169.971671
112.215 174.418605
112.567 170.454545
112.919 170.454545
113.271 170.454545
113.624 169.971671
113.975 170.940171
114.679667 170.293284
114.327333 170.293284
115.032 170.293284
115.383 170.940171
115.734 170.940171
116.08 173.410405
116.434 169.491525
116.787 169.971671
117.14 169.971671
117.492 170.454545
117.844 170.454545
118.197 169.971671
118.5455 172.166428
118.894 172.166428
119.244 171.428571
119.594 171.428571
119.947 169.971671
120.649667 170.777988
120.298333 170.777988
121.001 170.777988
121.354 169.971671
121.701 172.910663
122.048 172.910663
122.395 172.910663
122.745 171.428571
123.095 171.428571
123.445 171.428571
123.798 169.971671
124.146 172.413793
124.498 170.454545
124.85 170.454545
125.202 170.454545
125.545 174.927114
125.894 171.919771
126.243 171.919771
126.591 172.413793
126.945 169.491525
127.293 172.413793
127.643 171.428571
127.993 171.428571
128.695667 170.777988
128.344333 170.777988
129.047 170.777988
129.389 175.438596
129.74 170.940171
130.088 172.413793
130.436 172.413793
130.788 170.454545
131.137 171.919771
131.838333 171.102663
131.487667 171.102663
132.189 171.102663
132.537 172.413793
132.8845 172.66187
133.232 172.66187
133.583 170.940171
133.937 169.491525
134.285 172.413793
134.637 170.454545
134.986 171.919771
135.684667 171.755724
135.335333 171.755724
136.034 171.755724
136.382 172.413793
136.731 171.919771
137.077 173.410405
137.427 171.428571
137.7775 171.184023
138.128 171.184023
138.4775 171.67382
138.827 171.67382
139.18 169.971671
139.533 169.971671
139.877 174.418605
140.223 173.410405
140.572 171.919771
140.918 173.410405
141.268 171.428571
141.6165 172.166428
141.965 172.166428
142.663667 171.755724
142.314333 171.755724
143.013 171.755724
143.362 171.919771
143.7065 174.165457
144.051 174.165457
144.401 171.428571
144.717 174
145.097 172
145.447 171.428571
145.7945 172.66187
146.142 172.66187
146.491 171.919771
146.841 171.428571
147.87975 173.2852
147.5335 173.2852
147.5335 173.2852
148.226 173.2852
148.569 174.927114
148.919 171.428571
149.272 169.971671
149.617 173.913043
149.966 171.919771
150.313 172.910663
150.664 170.940171
151.015 170.940171
151.356 175.953079
151.7 174.418605
152.048 172.413793
152.3935 173.66136
152.739 173.66136
153.09 170.940171
153.434 174.418605
153.7805 173.160173
154.127 173.160173
154.477 171.428571
154.827 171.428571
155.17 174.927114
155.515 173.913043
155.858 174.927114
156.201 174.927114
156.547 173.410405
156.892 173.913043
157.237 173.913043
157.586 171.919771
157.932 173.410405
158.278 173.410405
158.6225 174.165457
158.967 174.165457
159.312 173.913043
159.659 172.910663
160.005 173.410405
160.353 172.413793
160.703 171.428571
161.041 177.514793
161.386 173.913043
161.731 173.913043
162.072 175.953079
162.417 173.913043
162.77 169.971671
163.1135 174.672489
163.457 174.672489
163.803 173.410405
164.153 171.428571
164.4975 174.165457
164.842 174.165457
165.188 173.410405
165.533 173.913043
165.875 175.438596
166.224 171.919771
166.573 171.919771
166.9175 174.165457
167.262 174.165457
167.609 172.910663
167.956 172.910663
168.303 172.910663
168.65 172.910663
168.996 173.410405
169.3385 175.182482
169.681 175.182482
170.027 173.410405
170.374 172.910663
170.72 173.410405
171.069 171.919771
171.414 173.913043
171.759 173.913043
172.103 174.418605
172.453 171.428571
173.49 173.410405
173.832 175.438596
174.175 174.927114
174.524 171.919771
174.869 173.913043
175.216 172.910663
175.566 171.428571
175.911 173.913043
176.258 172.910663
176.603 173.913043
176.9515 172.166428
177.3 172.166428
177.648 172.413793
177.996 172.413793
178.344 172.413793
178.685 175.953079
179.373 174.418605
179.029 174.418605
179.717 174.418605
180.064 172.910663
180.41 173.410405
180.755 173.913043
181.1 173.913043
181.448 172.413793
181.793 173.913043
182.142 171.919771
182.488 173.410405
182.836 172.413793
183.184 172.413793
184.211 173.913043
184.557 173.410405
184.903 173.410405
185.252 171.919771
185.597 173.913043
185.942 173.913043
186.289 172.910663
186.637 172.413793
186.9825 173.66136
187.328 173.66136
188.000667 178.394451
187.664333 178.394451
188.337 178.394451
188.704 163.487738
189.048 174.418605
189.396 172.413793
189.744 172.413793
190.0895 173.66136
190.435 173.66136
190.781 173.410405
191.127 173.410405
191.474 172.910663
191.821 172.910663
192.1645 174.672489
192.508 174.672489
192.854 173.410405
193.197 174.927114
193.542 173.913043
193.889 172.910663
194.236 172.910663
194.582 173.410405
194.932 171.428571
195.278 173.410405
195.623 173.913043
196.665 172.910663
197.0075 175.182482
197.35 175.182482
197.699 171.919771
198.042 174.927114
198.389 172.910663
198.741 170.454545
199.084 174.927114
199.43 173.410405
199.774 174.418605
200.123 171.919771
200.466 174.927114
200.817 170.940171
201.166 171.919771
201.511 173.913043
202.532 171.919771
202.881 171.919771
203.229 172.413793
203.574 173.913043
204.264 173.913042
203.919 173.913042
204.609 173.913042
204.953 174.418605
205.298 173.913043
205.622 176
205.986 175
206.329 174.927114
206.672 174.927114
207.017 173.913043
207.364 172.910663
207.7085 174.165457
208.053 174.165457
208.3965 174.672489
208.74 174.672489
209.086 173.410405
209.429 174.927114
210.119 173.913042
209.774 173.913042
210.464 173.913042
210.81 173.410405
211.151 175.953079
211.492 175.953079
211.837 173.913043
212.182 173.913043
212.870667 174.249759
212.526333 174.249759
213.215 174.249759
213.561 173.410405
213.903 175.438596
214.251 172.413793
214.596 173.913043
214.93 179.640719
215.254 172
215.59 178.571429
215.968 171
216.308 176.470588
216.6535 173.66136
216.999 173.66136
217.343 174.418605
217.687 174.418605
218.379 173.410404
218.033 173.410404
218.725 173.410404
219.071 173.410405
219.416 173.913043
220.101333 175.097277
219.758667 175.097277
220.444 175.097277
220.79 173.410405
221.133 174.927114
221.479 173.410405
221.8255 173.160173
222.172 173.160173
223.902 173.41
224.249 172.910663
224.594 173.913043
224.936 175.438596
225.278 175.438596
225.623 173.913043
225.968 173.913043
226.316 172.413793
226.66 174.418605
227.009 171.919771
227.358 171.919771
227.698 176.470588
228.043 173.913043
228.3845 175.695461
228.726 175.695461
229.072 173.410405
229.416 174.418605
229.76 174.418605
230.108 172.413793
230.45 175.438596
230.7935 174.672489
231.137 174.672489
231.483 173.410405
231.827 174.418605
232.174 172.910663
232.517 174.927114
232.859 175.438596
233.202 174.927114
233.542 176.470588
233.884 175.438596
234.23 173.410405
234.572 175.438596
234.914 175.438596
235.946 174.418604
235.602 174.418604
235.602 174.418604
236.29 174.418604
236.635 173.913043
236.983 172.413793
237.324 175.953079
237.665 175.953079
238.0055 176.211454
238.346 176.211454
238.691 173.913043
239.378333 174.587778
239.034667 174.587778
239.722 174.587778
240.062 176.470588
240.405 174.927114
240.748 174.927114
242.462 175.02917
242.808 173.410405
243.145 178.041543
243.487 175.438596
243.829 175.438596
244.166 178.041543
244.509 174.927114
244.852 174.927114
245.191 176.99115
245.535 174.418605
245.879 174.418605
246.223 174.418605
246.564 175.953079
246.907 174.927114
247.249 175.438596
247.59 175.953079
247.934 174.418605
248.278 174.418605
248.626 172.413793
248.961 179.104478
249.303 175.438596
249.6425 176.730486
249.982 176.730486
250.325 174.927114
250.671 173.410405
251.011 176.470588
251.357 173.410405
251.695 177.514793
252.039 174.418605
252.38 175.953079
252.722 175.438596
253.064 175.438596
253.750667 174.757281
253.407333 174.757281
254.094 174.757281
254.439 173.913043
254.775 178.571429
255.114 176.99115
255.454 176.470588
255.793 176.99115
256.14 172.910663
256.484 174.418605
256.8275 174.672489
257.171 174.672489
257.511 176.470588
257.851 176.470588
258.195 174.418605
258.54 173.913043
259.224 175.438596
258.882 175.438596
259.566 175.438596
259.91 174.418605
260.247 178.041543
260.592 173.913043
260.939 172.910663
261.28 175.953079
261.624 174.418605
261.966 175.438596
262.3095 174.672489
262.653 174.672489
262.997 174.418605
263.342 173.913043
263.686 174.418605
264.0265 176.211454
264.367 176.211454
264.709 175.438596
265.0485 176.730486
265.388 176.730486
265.734 173.410405
266.074 176.470588
266.4195 173.66136
266.765 173.66136
267.105 176.470588
267.447 175.438596
267.791 174.418605
268.137 173.410405
268.485 172.413793
268.821 178.571429
269.162 175.953079
269.504 175.438596
269.843 176.99115
270.187 174.418605
270.5305 174.672489
270.874 174.672489
271.218 174.418605
271.557 176.99115
271.901 174.418605
272.245 174.418605
272.589 174.418605
272.934 173.913043
273.277 174.927114
273.618 175.953079
273.959 175.953079
274.301 175.438596
274.639 177.514793
274.98 175.953079
275.328 172.413793
275.6715 174.672489
276.015 174.672489
276.358 174.927114
278.416 174.927
278.759 174.927114
279.1 175.953079
279.437 178.041543
279.7805 174.672489
280.124 174.672489
280.467 174.927114
280.81 174.927114
281.151 175.953079
281.495 174.418605
281.839 174.418605
282.183 174.418605
282.529 173.410405
282.873 174.418605
283.213 176.470588
283.553 176.470588
283.893 176.470588
284.234 175.953079
284.578 174.418605
284.922 174.418605
285.268 173.410405
285.609 175.953079
285.9515 175.182482
286.294 175.182482
286.638 174.418605
286.982 174.418605
287.326 174.418605
287.6665 176.211454
288.007 176.211454
288.35 174.927114
288.694 174.418605
289.031 178.041543
289.374 174.927114
289.724 171.428571
290.064 176.470588
290.407 174.927114
290.751 174.418605
291.095 174.418605
291.445 171.428571
291.781 178.571429
292.125 174.418605
292.467 175.438596
292.808 175.953079
293.149 175.953079
293.495 173.410405
293.836 175.953079
294.182 173.410405
294.521 176.99115
294.866 173.913043
295.2085 175.182482
295.551 175.182482
295.896 173.913043
296.239 174.927114
296.582 174.927114
296.922 176.470588
297.262 176.470588
297.6035 175.695461
297.945 175.695461
298.2885 174.672489
298.632 174.672489
298.975 174.927114
299.317 175.438596
299.66 174.927114
300.001 175.953079
300.347 173.410405
300.691 174.418605
301.031 176.470588
301.371 176.470588
301.712 175.953079
302.058 173.410405
302.4 175.438596
302.744 174.418605
303.09 173.410405
303.774667 175.26777
303.432333 175.26777
304.117 175.26777
304.462 173.913043
304.81 172.413793
305.146 178.571429
305.488 175.438596
305.827 176.99115
306.166 176.99115
306.508 175.438596
306.854 173.410405
307.195 175.953079
307.539 174.418605
307.882 174.927114
308.225 174.927114
308.569 174.418605
308.913 174.418605
309.2565 174.672489
309.6 174.672489
309.941 175.953079
310.282 175.953079
310.619 178.041543
310.963 174.418605
311.3065 174.672489
311.65 174.672489
311.9945 174.165457
312.339 174.165457
313.030333 173.577627
312.684667 173.577627
313.376 173.577627
313.721 173.913043
314.063 175.438596
314.406 174.927114
314.748 175.438596
315.091 174.927114
315.438 172.910663
315.78 175.438596
316.1265 173.160173
316.473 173.160173
316.8155 175.182482
317.158 175.182482
317.505 172.910663
317.852 172.910663
318.198 173.410405
318.544 173.410405
319.227333 175.609755
318.885667 175.609755
319.569 175.609755
319.913 174.418605
320.257 174.418605
320.599 175.438596
320.945 173.410405
321.291 173.410405
321.641 171.428571
321.9865 173.66136
322.332 173.66136
322.678 173.410405
323.024 173.410405