0.5075  59.11330049
1.015   59.11330049
1.977   62.37006237
2.737   78.94736842
4.775   88.32
5.398   96.308186
7.143   103.15
7.699   107.913669
8.255   107.913669
8.799   110.294118
9.343   110.294118
9.887   110.294118
10.422  112.149533
10.957  112.149533
11.488  112.99435
12.019  112.99435
12.545  114.068441
13.065  115.384615
13.585  115.384615
14.102  116.054159
14.617  116.504854
15.125  118.110236
15.632  118.343195
16.138  118.577075
16.641  119.284294
17.1435 119.402985
17.646  119.402985
18.144  120.481928
18.642  120.481928
19.139  120.724346
19.632  121.703854
20.123  122.199593
21.107667   121.868652
20.615333   121.868652
21.6    121.868652
22.092  121.951219
23.063333   123.541524
22.577667   123.541524
23.549  123.541524
24.522333   123.28767
24.035667   123.28767
25.009  123.28767
25.493  123.966942
26.456333   124.567473
25.974667   124.567473
26.938  124.567473
27.42   124.481328
27.902  124.481328
28.384  124.481328
28.864  125
29.342  125.523013
29.818  126.05042
30.294  126.05042
31.725  125.786164
31.248  125.786164
31.248  125.786164
32.202  125.786164
33.151333   126.404493
32.676667   126.404493
33.626  126.404493
34.099  126.849894
34.5705 127.253446
35.042  127.253446
35.51   128.205128
35.976  128.755365
36.442  128.755365
36.911  127.93177
37.837  129.589632
37.374  129.589632
38.3    129.589632
38.7585 130.861505
39.217  130.861505
40.59325    130.790192
40.1345 130.790192
40.1345 130.790192
41.052  130.790192
41.51   131.004367
41.966  131.578947
42.419  132.450331
42.876  131.291028
43.324  133.928571
43.772  133.928571
44.231  130.718954
44.6765 134.680135
45.122  134.680135
46.016667   134.128167
45.569333   134.128167
46.464  134.128167
47.352667   135.033759
46.908333   135.033759
47.797  135.033759
48.681  135.746607
48.239  135.746607
49.123  135.746607
49.562  136.67426
50.438667   136.882128
50.000333   136.882128
50.877  136.882128
51.314  137.299771
51.751  137.299771
52.1865 137.772675
52.622  137.772675
53.052  139.534884
53.489  137.299771
53.922  138.568129
54.352  139.534884
54.784  138.888889
55.216  138.888889
56.074667   139.751553
55.645333   139.751553
56.504  139.751553
56.933  139.86014
57.358  141.176471
57.79   138.888889
58.218  140.186916
58.646  140.186916
59.069  141.843972
59.505  137.614679
59.935  139.534884
60.367  138.888889
60.794  140.515222
61.221  140.515222
61.6495 140.023337
62.078  140.023337
62.5085 139.372822
62.939  139.372822
63.795667   140.077821
63.367333   140.077821
64.224  140.077821
65.080667   140.077821
64.652333   140.077821
65.509  140.077821
65.936  140.515222
66.364  140.186916
66.793  139.86014
67.219  140.84507
67.648  139.86014
68.073  141.176471
68.502  139.86014
68.926  141.509434
69.35   141.509434
69.781  139.211137
70.207  140.84507
70.633  140.84507
71.06   140.515222
71.486  140.84507
71.91   141.509434
72.335  141.176471
72.758  141.843972
73.183  141.176471
73.609  140.84507
74.032  141.843972
74.455  141.843972
74.877  142.180095
75.308  139.211137
75.723  144.578313
76.146  141.843972
76.5695 141.676505
76.993  141.676505
77.411  143.54067
77.8315 142.687277
78.252  142.687277
78.675  141.843972
79.0945 143.027414
79.514  143.027414
79.932  143.54067
80.356  141.509434
80.778  142.180095
81.192  144.927536
81.608  144.230769
82.028  142.857143
82.447  143.198091
82.864  143.884892
83.281  143.884892
83.692  145.985401
84.11   143.54067
84.523  145.27845
84.939  144.230769
85.3535 144.752714
85.768  144.752714
86.188  142.857143
86.5975 146.520147
87.007  146.520147
87.424  143.884892
87.837  145.27845
88.249  145.631068
88.661  145.631068
89.077  144.230769
89.906333   144.694533
89.491667   144.694533
90.321  144.694533
90.731  146.341463
91.145  144.927536
91.561  144.230769
91.977  144.230769
92.389  145.631068
92.804  144.578313
93.219  144.578313
93.634  144.578313
94.051  143.884892
94.464  145.27845
94.877  145.27845
95.294  143.884892
95.708  144.927536
96.119  145.985401
96.53   145.985401
96.945  144.578313
97.36   144.578313
97.768  147.058823
98.181  145.27845
98.594  145.27845
99.420667   145.161291
99.007333   145.161291
99.834  145.161291
101.06775   145.896656
100.6565    145.896656
100.6565    145.896656
101.479 145.896656
101.885 147.783251
102.296 145.985401
102.707 145.985401
103.118 145.985401
103.529 145.985401
103.938 146.699266
104.347 146.699266
104.753 147.783251
105.1635    146.163216
105.574 146.163216
105.981 147.420147
106.393 145.631068
106.799 147.783251
107.206 147.420147
107.614 147.058823
108.022 147.058823
108.839333  146.818923
108.430667  146.818923
109.248 146.818923
111.685 147.783251
112.094 146.699266
112.498 148.514851
113.312667  147.299508
112.905333  147.299508
113.72  147.299508
114.126 147.783251
114.5345    146.878825
114.943 146.878825
115.353 146.341463
115.763 146.341463
116.172 146.699266
116.994 145.9854
116.583 145.9854
117.405 145.9854
117.815 146.341463
118.224 146.699266
118.638 144.927536
119.047 146.699266
119.456 146.699266
119.8675    145.808019
120.279 145.808019
121.103667  145.513338
120.691333  145.513338
121.516 145.513338
121.923 147.420147
122.33  147.420147
122.7455    144.404332
123.161 144.404332
123.986333  145.395801
123.573667  145.395801
124.399 145.395801
124.813 144.927536
125.225 145.631068
126.057667  144.115293
125.641333  144.115293
126.474 144.115293
126.8895    144.404332
127.305 144.404332
127.7265    142.348754
128.148 142.348754
128.566 143.54067
129.406667  142.743855
128.986333  142.743855
129.827 142.743855
130.246 143.198091
131.5075    142.687276
131.087 142.687276
131.087 142.687276
131.928 142.687276
132.341 145.27845
132.759 143.54067
133.183 141.509434
133.604 142.517815
134.021 143.884892
134.4405    143.027414
134.86  143.027414
135.28  142.857143
136.118 143.198091
135.699 143.198091
136.537 143.198091
136.958 142.517815
137.377 143.198091
137.7925    144.404332
138.208 144.404332
139.046667  143.084262
138.627333  143.084262
139.466 143.084262
139.8855    143.027414
140.305 143.027414
140.724 143.198091
141.565333  142.630746
141.144667  142.630746
141.986 142.630746
142.402 144.230769
143.6665    142.348756
143.245 142.348756
143.245 142.348756
144.088 142.348756
144.504 144.230769
144.926 142.180095
145.345 143.198091
145.7655    142.687277
146.186 142.687277
146.608 142.180095
147.027 143.198091
147.444 143.884892
147.861 143.884892
148.286 141.176471
149.53475   144.144144
149.1185    144.144144
149.1185    144.144144
149.951 144.144144
152.45  144.057
151.617 144.057
151.617 144.057
153.283 144.057
153.6995    144.057623
154.116 144.057623
154.533 143.884892
154.949 144.230769
155.365 144.230769
156.199 143.884893
155.782 143.884893
156.616 143.884893
157.023 147.420147
157.436 145.27845
157.8505    144.752714
158.265 144.752714
159.093 144.927537
158.679 144.927537
159.507 144.927537
159.921 144.927536
160.337 144.230769
160.749 145.631068
161.573667  145.513338
161.161333  145.513338
161.986 145.513338
162.399 145.27845
162.812 145.27845
163.228 144.230769
163.64  145.631068
164.053 145.27845
164.469 144.230769
164.882 145.27845
165.2935    145.808019
165.705 145.808019
166.121 144.230769
166.534 145.27845
166.947 145.27845
167.364 143.884892
167.777 145.27845
168.19  145.27845
168.605 144.578313
169.429 145.631067
169.017 145.631067
169.841 145.631067
170.261 142.857143
171.087667  145.161291
170.674333  145.161291
171.501 145.161291
171.91  146.699266
172.324 144.927536
172.738 144.927536
173.151 145.27845
173.565 144.927536
173.979 144.927536
174.393 144.927536
174.8025    146.520147
175.212 146.520147
175.624 145.631068
176.036 145.631068
176.446 146.341463
177.67675   146.252284
177.2665    146.252284
177.2665    146.252284
178.087 146.252284
178.906333  146.460537
178.496667  146.460537
179.316 146.460537
180.148 144.230769
179.732 144.230769
180.564 144.230769
180.97  147.783251
181.384 144.927536
181.799 144.578313
182.214 144.578313
183.043333  144.694533
182.628667  144.694533
183.458 144.694533
183.873 144.578313
184.288 144.578313
185.122 143.884893
184.705 143.884893
185.539 143.884893
185.961 142.180095
186.377 144.230769
186.796 143.198091
187.216 142.857143
188.4655    144.057624
188.049 144.057624
188.049 144.057624
188.882 144.057624
189.2975    144.404332
189.713 144.404332
190.138 141.176471
190.546 147.058823
190.962 144.230769
191.383 142.517815
191.798 144.578313
192.216 143.54067
192.632 144.230769
193.048 144.230769
193.467 143.198091
194.71275   144.491272
194.2975    144.491272
194.2975    144.491272
195.128 144.491272
195.548 142.857143
195.961 145.27845
196.377 144.230769
196.791 144.927536
197.205 144.927536
197.622 143.884892
198.034 145.631068
198.458 141.509434
198.869 145.985401
199.28  145.985401
199.699 143.198091
200.109 146.341463
200.528 143.198091
200.941 145.27845
201.356 144.578313
202.18  145.631067
201.768 145.631067
202.592 145.631067
203.0015    146.520147
203.411 146.520147
204.232333  146.103897
203.821667  146.103897
204.643 146.103897
205.87525   146.074256
205.4645    146.074256
205.4645    146.074256
206.286 146.074256
207.5145    146.520148
207.105 146.520148
207.105 146.520148
207.924 146.520148
208.749333  145.395801
208.336667  145.395801
209.162 145.395801
209.573 145.985401
209.987 144.927536
210.401 144.927536
210.814 145.27845
211.228 144.927536
211.638 146.341463
212.062 141.509434
212.892667  144.462279
212.477333  144.462279
213.308 144.462279
213.728 142.857143
214.141 145.27845
214.557 144.230769
215.386333  144.694533
214.971667  144.694533
215.801 144.694533
216.214 145.27845
216.635 142.517815
217.05  144.578313
217.884667  143.769969
217.467333  143.769969
218.302 143.769969
218.722 142.857143
219.14  143.54067
219.558 143.54067
219.974 144.230769
220.39  144.230769
221.228667  143.084262
220.809333  143.084262
221.648 143.084262
222.0705    142.011834
222.493 142.011834
222.915 142.180095
223.3345    143.027414
223.754 143.027414
224.171 143.884892
224.5955    141.342756
225.02  141.342756
225.4365    144.057623
225.853 144.057623
226.269 144.230769
226.685 144.230769
227.107 142.180095
227.516 146.699266
227.931 144.578313
228.347 144.230769
228.763 144.230769
229.176 145.27845
229.5925    144.057623
230.009 144.057623
230.428 143.198091
230.847 143.198091
231.261 144.927536
231.675 144.927536
232.089 144.927536
232.51  142.517815
232.9255    144.404332
233.341 144.404332
233.7575    144.057623
234.174 144.057623
234.594 142.857143
235.84425   143.971204
235.4275    143.971204
235.4275    143.971204
236.261 143.971204
236.682 142.517815
237.1   143.54067
237.518 143.54067
237.9365    143.369176
238.355 143.369176
238.7775    142.011834
239.2   142.011834
239.619 143.198091
240.0355    144.057623
240.452 144.057623
240.874 142.180095
241.294 142.857143
241.709 144.578313
242.13  142.517815
242.549 143.198091
242.963 144.927536
243.385 142.180095
243.797 145.631068
244.214 143.884892
244.629 144.578313
245.046 143.884892
245.462 144.230769
245.873 145.985401
246.293 142.857143
247.124333  144.346431
246.708667  144.346431
247.54  144.346431
247.953 145.27845
248.371 143.54067
248.789 143.54067
249.2   145.985401
249.612 145.631068
250.024 145.631068
250.852667  144.810942
250.438333  144.810942
251.267 144.810942
251.682 144.578313
252.097 144.578313
252.514 143.884892
252.932 143.54067
253.347 144.578313
253.763 144.230769
254.175 145.631068
254.591 144.230769
255.011 142.857143
255.424 145.27845
255.845 142.517815
256.26  144.578313
256.679 143.198091
257.095 144.230769
257.513 143.54067
258.348333  143.655228
257.930667  143.655228
258.766 143.655228
259.177 145.985401
259.588 145.985401
260.006 143.54067
260.424 143.54067
260.838 144.927536
261.254 144.230769
261.67  144.230769
262.085 144.578313
262.498 145.27845
263.327333  144.694533
262.912667  144.694533
263.742 144.694533
264.162 142.857143
264.5775    144.404332
264.993 144.404332
265.826333  144
265.409667  144
266.243 144
266.658 144.578313
267.491333  144
267.074667  144
267.908 144
268.331 141.843972
268.745 144.927536
269.166 142.517815
269.584 143.54067
270.003 143.198091
270.42  143.884892
270.837 143.884892
271.256 143.198091
272.086667  144.462279
271.671333  144.462279
272.502 144.462279
272.926 141.509434
273.336 146.341463
278.76975   143.1127
278.3505    143.1127
278.3505    143.1127
279.189 143.1127
280.025 143.54067
279.607 143.54067
280.443 143.54067
280.865 142.180095
281.287 142.180095
281.704 143.884892
282.118 144.927536
282.541 141.843972
282.962 142.517815
283.38  143.54067
283.799 143.198091
284.218 143.198091
284.6345    144.057623
285.051 144.057623
285.468 143.884892
285.8855    143.712575
286.303 143.712575
286.725 142.180095
287.552333  145.044318
287.138667  145.044318
287.966 145.044318
288.798667  144.115293
288.382333  144.115293
289.215 144.115293
289.632 143.884892
290.046 144.927536
290.882667  143.426295
290.464333  143.426295
291.301 143.426295
291.7155    144.752714
292.13  144.752714
292.964 143.884893
292.547 143.884893
293.381 143.884893
293.798 143.884892
294.215 143.884892
295.050333  143.655228
294.632667  143.655228
295.468 143.655228
295.8815    145.102781
296.295 145.102781
296.715 142.857143
297.134 143.198091
297.548 144.927536
297.964 144.230769
298.38  144.230769
298.797 143.884892
300.04275   144.491272
299.6275    144.491272
299.6275    144.491272
300.458 144.491272
301.70975   143.79868
301.2925    143.79868
301.2925    143.79868
302.127 143.79868
302.539 145.631068
302.957 143.54067
303.375 143.54067
304.206333  144.346431
303.790667  144.346431
304.622 144.346431
305.042 142.857143
305.46  143.54067
305.873 145.27845
306.288 144.578313
306.703 144.578313
307.123 142.857143
307.5375    144.752714
307.952 144.752714
308.367 144.578313
308.782 144.578313
309.195 145.27845
309.608 145.27845
310.021 145.27845
310.433 145.631068
310.842 146.699266
311.255 145.27845
311.675 142.857143
312.082 147.420147
312.494 145.631068
312.906 145.631068
313.322 144.230769
313.733 145.985401
314.147 144.927536
314.5585    145.808019
314.97  145.808019
315.385 144.578313
315.7985    145.102781
316.212 145.102781
316.625 145.27845
317.042 143.884892
317.455 145.27845
317.87  144.578313
318.285 144.578313
318.6955    146.163216
319.106 146.163216
319.93  145.631067
319.518 145.631067
320.342 145.631067
320.755 145.27845
321.168 145.27845
321.581 145.27845
321.994 145.27845
322.412 143.54067
322.821 146.699266
323.23  146.699266
323.643 145.27845
324.058 144.578313
324.465 147.420147
324.877 145.631068
325.285 147.058823
325.694 146.699266
326.92025   146.788992
326.5115    146.788992
326.5115    146.788992
327.329 146.788992
327.741 145.631068
328.147 147.783251
328.553 147.783251
329.77325   147.510756
329.3665    147.510756
329.3665    147.510756
330.18  147.510756
330.591 145.985401
330.988 151.133501
331.8   147.783252
331.394 147.783252
332.206 147.783252
332.613 147.420147
333.0205    147.239264
333.428 147.239264
333.83  149.253731
334.232 149.253731
334.642 146.341463
335.451333  148.270182
335.046667  148.270182
335.856 148.270182
336.26  148.514851
336.662 149.253731
337.065 148.883375
337.873 148.514853
337.469 148.514853
338.277 148.514853
339.49275   148.056756
339.0875    148.056756
339.0875    148.056756
339.898 148.056756
340.705333  148.63749
340.301667  148.63749
341.109 148.63749
341.519 146.341463
341.921 149.253731
342.329 147.058823
342.735 147.783251
343.141 147.783251
343.541 150
343.945 148.514851
344.354 146.699266
344.76  147.783251
345.167 147.420147
345.573 147.783251
345.979 147.783251
346.797 146.699265
346.388 146.699265
347.206 146.699265
347.613 147.420147
348.016 148.883375
348.427 145.985401
348.832 148.148148
349.648 147.058824
349.24  147.058824
350.056 147.058824
350.464 147.058823
350.87  147.783251
351.281 145.985401
351.695 144.927536
352.504333  148.270182
352.099667  148.270182
352.909 148.270182
355.749333  147.904683
355.343667  147.904683
356.155 147.904683
356.958333  149.377593
356.556667  149.377593
357.36  149.377593
357.761 149.625935
358.163 149.253731
358.567 148.514851
359.773 149.253732
359.371 149.253732
359.371 149.253732
360.175 149.253732
360.573 150.753769
360.976 148.883375
361.381 148.148148
361.786 148.148148
362.1845    150.564617
362.583 150.564617
362.992 146.699266
363.395 148.883375
363.798 148.883375
364.199 149.625935
364.598 150.37594
364.999 149.625935
365.4   149.625935
365.806 147.783251
366.203 151.133501
366.6   151.133501
367.001 149.625935
367.401 150
367.801 150
368.199 150.753769
368.606 147.420147
369.7985    150.943396
369.401 150.943396
369.401 150.943396
370.196 150.943396
370.5955    150.187735
370.995 150.187735
371.398 148.883375
371.792 152.284264
372.189 151.133501
372.5915    149.068323
372.994 149.068323
373.8   148.883376
373.397 148.883376
374.203 148.883376
374.601 150.753769
374.999 150.753769
375.409 146.341463
375.808 150.37594
376.212 148.514851
376.615 148.883375
377.017 149.253731
377.42  148.883375
377.82  150
378.228 147.058823
379.035333  148.63749
378.631667  148.63749
379.439 148.63749
379.841 149.253731
380.247 147.783251
380.653 147.783251
381.054 149.625935
381.452 150.753769
381.855 148.883375
382.264 146.699266
382.665 149.625935
383.069 148.514851
383.4725    148.698885
383.876 148.698885
384.2785    149.068323
384.681 149.068323
387.512 149.253731
387.92  147.058823
388.325 148.148148
388.73  148.148148
389.136 147.783251
389.542 147.783251
389.9465    148.331273
390.351 148.331273
390.763 145.631068
391.163 150
391.567 148.514851
391.978 145.985401
392.793333  147.179067
392.385667  147.179067
393.201 147.179067
393.607 147.783251
394.007 150
394.4165    146.520147
394.826 146.520147
395.233 147.420147
395.638 148.148148
396.8575    147.601476
396.451 147.601476
396.451 147.601476
397.264 147.601476
397.676 145.631068
398.084 147.058823
398.489 148.148148
398.8985    146.520147
399.308 146.520147
399.721 145.27845
400.134 145.27845
400.545 145.985401
400.947 149.253731
401.355 147.058823
401.768 145.27845
402.181 145.27845
402.595 144.927536
403.007 145.631068
405.47  147.058823
405.885 144.578313
406.292 147.420147
406.706 144.927536
407.12  144.927536
407.53  146.341463
408.7615    146.163216
408.351 146.163216
408.351 146.163216
409.172 146.163216
409.582 146.341463
409.992 146.341463
410.403 145.985401
410.811 147.058824
411.219 147.058824
412.039667  146.222583
411.629333  146.222583
412.45  146.222583
412.859 146.699266
413.27  145.985401
413.6795    146.520147
415.731 144.9275362
416.137 147.7832512
416.55  145.2784504
416.963 145.2784504
417.372 146.6992665
417.778 147.7832512
418.186 147.0588235
419.419 148.1481481
419.831 145.631068
420.237 147.7832512
422.685 145.9854015
423.092 147.4201474
423.501 146.6992665
423.907 147.7832512
425.533 146.3414634
425.941 147.0588235
426.344 148.8833747
426.749 148.1481481
427.157 147.0588235
429.189 148.8833747
430.413 147.0588235
430.822 146.6992665
430.9   0
431 0
431.1   0
431.2   0
431.3   0
431.4   0
431.5   0
431.6   0
431.7   0
431.8   0
431.9   0
432 0
432.1   0
432.2   0
432.3   0
432.4   0
432.5   0
432.6   0
432.7   0
432.8   0
432.9   0
433 0
433.1   0
433.2   0
433.3   0
433.4   0
433.5   0
433.6   0
433.7   0
433.8   0
433.9   0
434 0
434.1   0
434.2   0
434.3   0
434.4   0
434.5   0
434.6   0
434.7   0
434.8   0
434.9   0
435 0
435.1   0
435.2   0
435.3   0
435.4   0
435.5   0
435.6   0
435.7   0
435.8   0
435.9   0
436 0
436.1   0
436.2   0
436.3   0
436.4   0
436.5   0
436.6   0
436.7   0
436.8   0
436.9   0
437 0
