0.404   148.514851
1.211   149
1.623   145.631068
2.028   148.148148
2.436   147.058823
2.84    148.514851
3.247   147.420147
3.653   147.783251
4.463   148.148148
5.285   145.985401
5.699   144.927536
6.111   145.631068
6.53    143.198091
6.952   142.180095
7.375   141.843972
8.223   141.509434
8.645   142.180095
9.511   138.568129
9.95    136.67426
10.836  135.440181
11.285  133.63029
11.73   134.831461
12.182  132.743363
12.636  132.15859
13.088  132.743363
13.539  133.037694
13.992  132.450331
14.438  134.529148
14.886  133.928571
15.328  135.746606
15.772  135.135135
16.214  135.746606
16.658  135.135135
17.105  134.228188
17.553  133.928571
18.006  132.450331
18.456  133.333333
18.912  131.578947
19.374  129.87013
19.835  130.151844
20.293  131.004367
20.752  130.718954
21.204  132.743363
21.652  133.928571
22.11   131.004367
22.565  131.868132
23.023  131.004367
23.478  131.868132
23.936  131.004367
24.395  130.718954
24.848  132.450331
25.303  131.868132
25.763  130.434783
26.248  123.71134
26.745  120.724346
27.253  118.110236
27.782  113.42155
28.315  112.570357
28.842  113.851992
29.359  116.054159
29.873  116.731518
30.373  120
30.862  122.699387
31.351  122.699387
31.835  123.966942
32.314  125.26096
32.794  125
33.271  125.786164
33.75   125.26096
34.24   122.44898
34.738  120.481928
35.235  120.724346
35.729  121.45749
36.234  118.811881
36.755  115.163148
37.291  111.940299
37.83   111.317254
38.358  113.636364
38.877  115.606936
39.907  116.504
40.427  115.384615
40.956  113.42155
42.097  105.17
42.733  94.339623
43.372  93.896714
44.031  91.047041
45.0205 90.955
46.01   90.955
46.666  91.463415
47.348  87.97654
48.374  87.7193
49.4    87.7193
50.097  86.083214
50.809  84.269663
51.544  81.632653
52.25   84.985836
52.977  82.530949
53.704  82.530949
54.442  81.300813
55.184  80.862534
55.927  80.753701
56.657  82.191781
57.391  81.743869
58.124  81.855389
58.857  81.855389
59.576  83.449235
60.263  87.336245
60.9455 87.912088
61.628  87.912088
62.312  87.719298
63.017  85.106383
63.737  83.333333
64.457  83.333333
65.203  80.428954
65.964  78.843627
66.725  78.843627
67.521  75.376884
68.31   76.045627
69.055  80.536913
69.802  80.321285
70.551  80.106809
71.278  82.530949
71.997  83.449235
72.757  78.947368
73.537  76.923077
74.302  78.431373
75.092  75.949367
75.886  75.566751
76.689  74.719801
77.54   70.505288
78.319  77.021823
79.185  69.284065
80.011  72.639225
80.856  71.005917
81.741  67.79661
82.699  62.63048
83.63   64.446831
84.482  70.422535
85.322  71.428571
86.185  69.524913
87.048  69.524913
87.9035 70.134424
88.759  70.134424
89.589  72.289157
90.413  72.815534
91.235  72.992701
92.064  72.376357
92.942  68.33713
93.82   68.33713
94.677  70.011669
95.557  68.181818
96.448  67.340067
97.336  67.567568
98.161  72.727273
99.012  70.505288
99.855  71.174377
100.675 73.170732
101.548 68.728522
102.445 66.889632
103.345 66.666667
104.185 71.428571
105.044 69.848661
105.89  70.921986
106.736 70.921986
107.609 68.728522
108.463 70.257611
109.335 68.807339
110.24  66.298343
111.145 66.298343
112.066 65.14658
112.974 66.079295
113.9   64.794816
114.767 69.204152
115.644 68.415051
116.499 70.175439
117.367 69.124424
118.242 68.571429
119.087 71.005917
119.938 70.505288
120.758 73.170732
121.58  72.992701
122.398 73.349633
123.244 70.921986
124.107 69.524913
124.983 68.493151
125.897 65.645514
126.801 66.371681
127.667 69.284065
128.543 68.493151
129.405 69.605568
130.287 68.027211
131.183 66.964286
132.079 66.964286
133.042 62.305296
133.978 64.102564
134.941 62.305296
135.9135    61.696658
136.886 61.696658
137.803 65.430752
138.71  66.15215
139.584 68.649886
140.476 67.264574
141.368 67.264574
142.265 66.889632
143.202 64.034152
144.169 62.04757
145.108 63.897764
146.045 64.034152
146.953 66.079295
147.896 63.626723
148.867 61.791967
149.827 62.5
150.748 65.14658
151.69  63.694268
152.605 65.57377
153.548 63.626723
154.485 64.034152
155.422 64.034152
156.379 62.695925
157.37  60.544904
158.314 63.559322
159.293 61.287028
160.144 70.505288
161.069 64.864865
161.92  70.505288
162.721 74.906367
163.527 74.441687
164.668 52.585451
165.6315    62.272963
166.595 62.272963
167.549 62.893082
168.487 63.965885
169.387 66.666667
170.302 65.57377
171.245 63.626723
172.196 63.091483
173.139 63.626723
174.082 63.626723
175.015 64.308682
175.957 63.694268
176.884 64.724919
177.82  64.102564
178.7305    65.897858
179.641 65.897858
180.574 64.308682
181.495 65.14658
182.468 61.664954
183.429 62.434964
184.351 65.075922
185.433 55.452865
186.436 59.820538
187.373 64.034152
188.32  63.357973
189.234 65.645514
190.166 64.377682
191.102 64.102564
192.079 61.412487
193.0515    61.696658
194.024 61.696658
194.965 63.761955
195.907 63.694268
196.85  63.626723
197.783 64.308682
198.731 63.291139
199.659 64.655172
200.624 62.176166
201.587 62.305296
202.547 62.5
203.497 63.157895
204.434 64.034152
205.3405    66.188638
206.247 66.188638
207.163 65.502183
208.072 66.006601
208.997 64.864865
209.934 64.034152
210.911 61.412487
211.849 63.965885
212.796 63.357973
213.702 66.225166
214.598 66.964286
215.512 65.645514
216.385 68.728522
217.284 66.740823
218.173 67.491564
219.035 69.605568
219.897 69.605568
220.78  67.95017
221.692 65.789474
222.669 61.412487
223.601 64.377682
224.487 67.72009
225.372 67.79661
226.214 71.258907
227 76.335878
227.764 78.534031
228.511 80.321285
229.276 78.431373
230.036 78.947368
230.837 74.906367
231.663 72.639225
232.536 68.728522
233.424 67.567568
234.331 66.15215
235.202 68.886338
236.025 72.90401
236.8395    73.664825
237.654 73.664825
238.461 74.349442
239.313 70.422535
240.168 70.175439
241.067 66.740823
241.988 65.14658
242.875 67.643743
243.72  71.005917
244.595 68.571429
245.441 70.921986
246.29  70.671378
247.118 72.463768
247.966 70.754717
248.818 70.422535
249.632 73.710074
250.431 75.093867
251.248 73.439412
252.052 74.626866
252.86  74.257426
253.739 68.259386
254.607 69.124424
255.503 66.964286
256.399 66.964286
257.238 71.513707
258.091 70.339977
258.944 70.339977
259.762 73.349633
260.636 68.649886
261.504 69.124424
262.311 74.349442
263.1405    72.332731
263.97  72.332731
264.855 67.79661
265.74  67.79661
266.656 65.502183
267.531 68.571429
268.388 70.011669
269.226 71.599045
270.023 75.282309
270.829 74.441687
271.635 74.441687
272.488 70.339977
273.382 67.114094
274.285 66.445183
275.23  63.492063
276.102 68.807339
276.984 68.027211
277.855 68.886338
278.726 68.886338
279.59  69.444444
280.453 69.524913
281.295 71.258907
282.142 70.838253
283.021 68.259386
283.881 69.767442
284.775 67.114094
285.725 63.157895
286.64  65.57377
287.522 68.027211
288.449 64.724919
289.401 63.02521
290.277 68.493151
291.15  68.728522
292.051 66.592675
292.967 65.502183
293.838 68.886338
294.719 68.104427
295.642 65.005417
296.562 65.217391
297.482 65.217391
298.447 62.176166
299.349 66.518847
300.255 66.225166
301.182 64.724919
302.053 68.886338
302.888 71.856287
303.694 74.441687
304.467 77.619664
305.254 76.238882
306.128 68.649886
307.063 64.171123
307.998 64.171123
309.02  58.708415
309.957 64.034152
310.92  62.305296
311.911 60.544904
312.864 62.959077
313.755 67.340067
314.614 69.848661
315.54  64.794816
316.573 58.083253
317.5425    61.887571
318.512 61.887571
319.467 62.827225
320.462 60.301508
321.448 60.851927
322.376 64.655172
323.282 66.225166
324.229 63.357973
325.236 59.58292
326.238 59.88024
327.194 62.761506
328.149 62.827225
329.121 61.728395
330.1   61.287028
331.037 64.034152
331.945 66.079295
332.868 65.005417
333.833 62.176166
334.817 60.97561
335.751 64.239829
336.685 64.239829
337.636 63.091483
338.61  61.601643
339.597 60.790274
340.534 64.034152
341.446 65.789474
342.393 63.357973
343.383 60.606061
344.378 60.301508
345.326 63.291139
346.281 62.827225
347.24  62.565172
348.177 64.034152
349.089 65.789474
349.99  66.592675
350.939 63.224447
351.929 60.606061
352.931 59.88024
353.873 63.694268
354.778 66.298343
355.684 66.225166
356.606 65.075922
357.555 63.224447
358.489 64.239829
359.39  66.592675
360.264 68.649886
361.138 68.649886
362.025 67.643743
362.898 68.728522
363.751 70.339977
364.623 68.807339
365.538 65.57377
366.469 64.446831
367.395 64.794816
368.267 68.807339
369.114 70.838253
369.984 68.965517
370.858 68.649886
371.707 70.671378
372.6   67.18925
373.499 66.740823
374.362 69.524913
375.23  69.124424
376.067 71.684588
376.865 75.18797
377.683 73.349633
378.52  71.684588
379.357 71.684588
380.231 68.649886
381.135 66.371681
382.014 68.259386
382.935 65.14658
383.873 63.965885
384.819 63.424947
385.73  65.86169
386.641 65.86169
387.54  66.740823
388.397 70.011669
389.296 66.740823
390.195 66.740823
391.079 67.873303
391.984 66.298343
392.893 66.006601
393.785 67.264574
394.696 65.86169
395.592 66.964286
396.463 68.886338
397.317 70.257611
398.163 70.921986
398.975 73.891626
399.809 71.942446
400.702 67.18925
401.595 67.18925
402.442 70.838253
403.328 67.72009
404.249 65.14658
405.137 67.567568
406.038 66.592675
406.934 66.964286
407.849 65.57377
408.718 69.044879
409.569 70.505288
410.421 70.422535
411.304 67.95017
412.2   66.964286
413.094 67.114094
413.953 69.848661
414.872 65.288357
415.785 65.717415
416.69  66.298343
417.553 69.524913
418.373 73.170732
419.218 71.005917
420.049 72.202166
420.991 63.694268
421.983 60.483871
422.931 63.291139
423.81  68.259386
424.684 68.649886
425.538 70.257611
426.402 69.444444
427.25  70.754717
428.098 70.754717
428.923 72.727273
429.726 74.719801
430.4945    78.07417
431.263 78.07417
432.011 80.213904
432.782 77.821012
433.536 79.575597
434.301 78.431373
435.091 75.949367
435.886 75.471698
436.699 73.800738
437.515 73.529412
438.331 73.529412
439.146 73.619632
440.3335    75.789
441.521 75.789
442.324 74.719801
443.143 73.260073
443.963 73.170732
444.853 67.41573
445.759 66.225166
446.649 67.41573
447.584 64.171123
448.51  64.794816
449.459 63.224447
450.41  63.091483
451.339 64.585576
452.255 65.502183
453.102 70.838253
454.001 66.740823
454.919 65.359477
455.88  62.434964
456.859 61.287028
457.775 65.502183
458.756 61.16208
459.663 66.15215
460.546 67.95017
461.476 64.516129
462.382 66.225166
463.383 59.94006
464.409 58.479532
465.405 60.240964
466.4   60.301508
467.363 62.305296
468.326 62.305296
469.222 66.964286
470.1995    61.381074
471.177 61.381074
472.104 64.724919
473.052 63.291139
474.032 61.22449
474.959 64.724919
475.838 68.259386
476.744 66.225166
477.672 64.655172
478.558 67.72009
479.416 69.93007
480.265 70.671378
481.13  69.364162
482.069 63.897764
483.021 63.02521
483.978 62.695925
484.878 66.666667
485.801 65.005417
486.717 65.502183
487.592 68.571429
488.527 64.171123
489.466 63.897764
490.407 63.761955
491.362 62.827225
492.275 65.717415
493.173 66.815145
494.11  64.034152
495.053 63.626723
495.972 65.288357
496.909 64.034152
497.88  61.791967
498.847 62.04757
499.824 61.412487
500.747 65.005417
501.637 67.41573
502.553 65.502183
503.495 63.694268
504.54  57.416268
505.51  61.85567
506.518 59.52381
507.495 61.412487
508.391 66.964286
509.307 65.502183
510.287 61.22449
511.29  59.820538
512.235 63.492063
513.168 64.308682
514.051 67.95017
515.0165    62.143967
515.982 62.143967
517.02  57.803468
518.02  60
518.943 65.005417
519.881 63.965885
520.812 64.446831
521.731 65.288357
523.1175    64.91
524.504 64.91
525.453 63.224447
526.454 59.94006
527.467 59.23001
528.489 58.708415
529.493 59.760956
530.457 62.240664
531.464 59.58292
532.441 61.412487
533.418 61.412487
534.395 61.412487
535.294 66.740823
536.248 62.893082
537.17  65.075922
538.045 68.571429
538.98  64.171123
539.934 62.893082
540.87  64.102564
541.781 65.86169
542.692 65.86169
543.619 64.724919
544.51  67.340067
545.445 64.171123
546.382 64.034152
547.28  66.815145
548.219 63.897764
549.144 64.864865
550.058 65.645514
550.975 65.430752
551.859 67.873303
552.783 64.935065
553.692 66.006601
554.554 69.605568
555.386 72.115385
556.248 69.605568
557.682 62.76
559.116 62.76
560.056 63.829787
560.985 64.585576
561.876 67.340067
562.748 68.807339
563.618 68.965517
564.491 68.728522
565.372 68.104427
566.295 65.005417
567.248 62.959077
568.17  65.075922
569.021 70.505288
569.837 73.529412
570.679 71.258907
571.581 66.518847
572.535 62.893082
573.48  63.492063
574.455 61.538462
575.426 61.791967
576.374 63.291139
577.299 64.864865
578.191 67.264574
579.106 65.57377
580.066 62.5
581.057 60.544904
582.013 62.761506
583.02  59.58292
584.013 60.422961
584.994 61.16208
585.949 62.827225
586.901 63.02521
587.839 63.965885
588.769 64.516129
589.698 64.585576
590.716 58.939096
591.732 59.055118
592.684 63.02521
593.656 61.728395
594.622 62.111801
595.522 66.666667
596.423 66.592675
597.333 65.934066
598.288 62.827225
599.269 61.16208
600.206 64.034152
600.3   0
600.4   0
600.5   0
600.6   0
600.7   0
600.8   0
600.9   0
601 0
601.1   0
601.2   0
601.3   0
601.4   0
601.5   0
601.6   0
601.7   0
601.8   0
601.9   0
602 0
602.1   0
602.2   0
602.3   0
602.4   0
602.5   0
602.6   0
602.7   0
602.8   0
602.9   0
603 0
603.1   0
603.2   0
603.3   0
603.4   0
603.5   0
603.6   0
603.7   0
603.8   0
603.9   0
604 0
604.1   0
604.2   0
604.3   0
604.4   0
604.5   0
604.6   0
604.7   0
604.8   0
604.9   0
605 0
605.1   0
605.2   0
605.3   0
605.4   0
605.5   0
605.6   0
605.7   0
605.8   0
605.9   0
606 0
606.1   0
606.2   0
606.3   0
606.4   0
606.5   0
606.6   0
606.7   0
606.8   0
606.9   0
607 0
607.1   0
607.2   0
607.3   0
607.4   0
607.5   0
607.6   0
607.7   0
607.8   0
607.9   0
608 0
608.1   0
608.2   0
608.3   0
608.4   0
608.5   0
608.6   0
608.7   0
608.8   0
608.9   0
609 0
609.1   0
609.2   0
609.3   0
609.4   0
609.5   0
609.6   0
609.7   0
609.8   0
609.9   0
610 0
610.1   0
610.2   0
610.3   0
610.4   0
610.5   0
610.6   0
610.7   0
610.8   0
610.9   0
611 0
611.1   0
611.2   0
611.3   0
611.4   0
611.5   0
611.6   0
611.7   0
611.8   0
611.9   0
612 0
612.1   0
612.2   0
612.3   0
612.4   0
612.5   0
612.6   0
612.7   0
612.8   0
612.9   0
613 0
613.1   0
613.2   0
613.3   0
613.4   0
613.5   0
613.6   0
613.7   0
613.8   0
613.9   0
614 0
614.1   0
614.2   0
614.3   0
614.4   0
614.5   0
614.6   0
614.7   0
614.8   0
614.9   0
615 0
615.1   0
615.2   0
615.3   0
615.4   0
615.5   0
615.6   0
615.7   0
615.8   0
615.9   0
616 0
616.1   0
616.2   0
616.3   0
616.4   0
616.5   0
616.6   0
616.7   0
616.8   0
616.9   0
617 0
617.1   0
617.2   0
617.3   0
617.4   0
617.5   0
617.6   0
617.7   0
617.8   0
617.9   0
618 0
618.1   0
618.2   0
618.3   0
618.4   0
618.5   0
618.6   0
618.7   0
618.8   0
618.9   0
619 0
619.1   0
619.2   0
619.3   0
619.4   0
619.5   0
619.6   0
619.7   0
619.8   0
619.9   0
620 0
620.1   0
620.2   0
620.3   0
620.4   0
620.5   0
620.6   0
620.7   0
620.8   0
620.9   0
621 0
621.1   0
621.2   0
621.3   0
621.4   0
621.5   0
621.6   0
621.7   0
621.8   0
621.9   0
622 0
622.1   0
622.2   0
622.3   0
622.4   0
622.5   0
622.6   0
622.7   0
622.8   0
622.9   0
623 0
623.1   0
623.2   0
623.3   0
623.4   0
623.5   0
623.6   0
623.7   0
623.8   0
623.9   0
624 0
624.1   0
624.2   0
624.3   0
624.4   0
624.5   0
624.6   0
624.7   0
624.8   0
624.9   0
625 0
625.1   0
625.2   0
625.3   0
625.4   0
625.5   0
625.6   0
625.7   0
625.8   0
625.9   0
626 0
626.1   0
626.2   0
626.3   0
626.4   0
626.5   0
626.6   0
626.7   0
626.8   0
626.9   0
627 0
627.1   0
627.2   0
627.3   0
627.4   0
627.5   0
627.6   0
627.7   0
627.8   0
627.9   0
628 0
628.1   0
628.2   0
628.3   0
628.4   0
628.5   0
628.6   0
628.7   0
628.8   0
628.9   0
629 0
629.1   0
629.2   0
629.3   0
629.4   0
629.5   0
629.6   0
629.7   0
629.8   0
629.9   0
630 0
630.1   0
630.2   0
630.3   0
630.4   0
630.5   0
630.6   0
630.7   0
630.8   0
630.9   0
631 0
631.1   0
631.2   0
631.3   0
631.4   0
631.5   0
631.6   0
631.7   0
631.8   0
631.9   0
632 0
632.1   0
