0.75    80
1.501   79.8934
2.192   83.83068
3.946   90.7899
4.649   97.348506
5.799   105.3478
7.4415  101.58904
6.894   100.58904
6.894   103.58904
7.989   109.58904
8.522   112.570357
9.054   112.781955
9.577   114.722753
10.0935 116.166505
10.61   116.166505
11.118  118.110236
11.626  118.110236
12.137  117.41683
12.634  120.724346
13.13   120.967742
14.101333   123.541524
13.615667   123.541524
14.587  123.541524
15.067  125
16.012333   126.939351
15.539667   126.939351
16.485  126.939351
16.955  127.659575
17.880333   129.682998
17.417667   129.682998
18.343  129.682998
18.802  130.718954
19.254  132.743363
19.706  132.743363
20.155  133.63029
20.603  133.928571
21.049  134.529148
21.495  134.529148
21.933  136.986301
22.371  136.986301
22.814  135.440181
23.248  138.248848
23.6815 138.408305
24.115  138.408305
24.545  139.534884
24.972  140.515222
25.403  139.211137
25.833  139.534884
26.254  142.517815
26.681  140.515222
27.527667   141.732282
27.104333   141.732282
27.951  141.732282
28.3745 141.676505
28.798  141.676505
29.218  142.857143
30.47575    143.1127
30.0565 143.1127
30.0565 143.1127
30.895  143.1127
31.312  143.884892
31.735  141.843972
32.145  146.341463
32.563  143.54067
32.98   143.884892
33.397  143.884892
34.6405 144.752716
34.226  144.752716
34.226  144.752716
35.055  144.752716
35.461  147.783251
35.878  143.884892
36.288  146.341463
36.703  144.578313
37.114  145.985401
37.525  145.985401
37.938  145.27845
38.755333   146.818923
38.346667   146.818923
39.164  146.818923
39.577  145.27845
39.9835 147.601476
40.39   147.601476
40.804  144.927536
41.616  147.783252
41.21   147.783252
42.022  147.783252
42.839333   146.818923
42.430667   146.818923
43.248  146.818923
43.66   145.631068
44.067  147.420147
44.474  147.420147
44.878  148.514851
45.286  147.058823
46.095333   148.270182
45.690667   148.270182
46.5    148.270182
46.905  148.148148
47.31   148.148148
47.718  147.058824
48.126  147.058824
48.524  150.753769
48.931  147.420147
49.3355 148.331273
49.74   148.331273
50.1425 149.068323
50.545  149.068323
50.951  147.783251
51.357  147.783251
51.758  149.625935
52.163  148.148148
52.564  149.625935
53.374667   148.026315
52.969333   148.026315
53.78   148.026315
54.992  148.514852
54.588  148.514852
54.588  148.514852
55.396  148.514852
55.799  148.883375
56.202  148.883375
57.014  147.783252
56.608  147.783252
57.42   147.783252
57.817  151.133501
58.219  149.253731
59.032333   147.540984
58.625667   147.540984
59.439  147.540984
59.84   149.625935
60.244  148.514851
60.641  151.133501
61.049  147.058823
61.454  148.148148
61.851  151.133501
62.253  149.253731
62.655  149.253731
63.0585 148.698885
63.462  148.698885
63.865  148.883375
64.2685 148.698885
64.672  148.698885
65.079  147.420147
66.27975    149.906308
65.8795 149.906308
65.8795 149.906308
66.68   149.906308
67.081  149.625935
67.4795 150.564617
67.878  150.564617
68.2755 150.943396
68.673  150.943396
69.0755 149.068323
69.478  149.068323
69.872  152.284264
71.066  150.753768
70.668  150.753768
70.668  150.753768
71.464  150.753768
71.861  151.133501
72.2565 151.7067
72.652  151.7067
73.053  149.625935
73.449  151.515152
73.85   149.625935
74.245  151.898734
74.64   151.898734
75.037  151.133501
75.434  151.133501
75.833  150.37594
76.227  152.284264
76.621  152.284264
77.02   150.37594
77.415  151.898734
77.814  150.37594
78.208  152.284264
80.575  152.091
81.363667   152.155536
80.969333   152.155536
81.758  152.155536
82.546  152.284263
82.152  152.284263
82.94   152.284263
83.329  154.241645
83.718  154.241645
84.112  152.284264
84.51   150.753769
84.901  153.452685
85.3    150.37594
85.6905 153.649168
86.081  153.649168
86.476  151.898734
86.87   152.284264
87.266  151.515152
87.6585 152.866242
88.051  152.866242
88.442  153.452685
88.833  153.452685
89.231  150.753769
89.629  150.753769
90.014  155.844156
90.4065 152.866242
90.799  152.866242
91.192  152.671756
91.584  153.061224
91.976  153.061224
92.368  153.061225
93.15   153.452685
92.759  153.452685
93.541  153.452685
94.323667   153.321975
93.932333   153.321975
94.715  153.321975
95.102  155.03876
95.489  155.03876
95.884  151.898734
96.273  154.241645
96.665  153.061225
97.055  153.846154
97.446  153.452685
97.8335 154.83871
98.221  154.83871
98.615  152.284264
99.004  154.241645
99.391  155.03876
99.78   154.241645
100.166 155.440415
100.556 153.846154
100.943 155.03876
101.337 152.284264
102.49575   155.339804
102.1095    155.339804
102.1095    155.339804
102.882 155.339804
103.268 155.440415
103.658 153.846154
104.048 153.846154
104.428 157.894737
105.199333  155.574762
104.813667  155.574762
105.585 155.574762
105.9735    154.440154
106.362 154.440154
106.75  154.639175
107.131 157.480315
107.512 157.480315
107.906 152.284264
108.289 156.657963
108.676 155.03876
109.064 154.639175
109.452 154.639175
109.83  158.730159
110.214 156.25
110.6   155.440415
110.986 155.440415
112.908 156.087
113.2935    155.642023
113.679 155.642023
114.064 155.844156
114.449 155.844156
114.8335    156.046814
115.218 156.046814
115.599 157.480315
115.988 154.241645
116.371 156.657963
116.759 154.639175
117.144 155.844156
117.529 155.844156
117.913 156.25
118.297 156.25
118.687 153.846154
119.072 155.844156
119.459 155.03876
119.845 155.440415
120.231 155.440415
121.004333  155.172414
120.617667  155.172414
121.391 155.172414
121.777 155.440415
122.163 155.440415
122.551 154.639175
122.938 155.03876
123.323 155.844156
123.709 155.440415
124.1   153.452685
124.491 153.452685
124.875 156.25
125.264 154.241645
125.653 154.241645
126.039 155.440415
126.425 155.440415
126.818 152.671756
127.208 153.846154
127.592 156.25
127.9805    154.440154
128.369 154.440154
128.756 155.03876
129.143 155.03876
129.536 152.671756
129.925 154.241645
130.309 156.25
131.4715    154.838708
131.084 154.838708
131.084 154.838708
131.859 154.838708
132.253 152.284264
132.64  155.03876
133.027 155.03876
133.415 154.639175
133.803 154.639175
134.191 154.639175
134.579 154.639175
134.973 152.284264
135.361 154.639175
135.747 155.440415
136.135 154.639175
136.524 154.241645
136.914 153.846154
137.306 153.061225
137.696 153.846154
138.078 157.068063
138.465 155.03876
138.858 152.671756
139.242 156.25
139.631 154.241645
140.025 152.284264
140.411 155.440415
140.794 156.657963
141.177 156.657963
141.573 151.515152
141.955 157.068063
142.343 154.639175
142.733 153.846154
143.122 154.241645
144.27625   155.94542
143.8915    155.94542
143.8915    155.94542
144.661 155.94542
145.0475    155.239327
145.434 155.239327
145.823 154.241645
146.204 157.480315
146.585 157.480315
146.9705    155.642023
147.356 155.642023
147.7425    155.239327
148.129 155.239327
148.517 154.639175
148.894 159.151194
149.276 157.068063
149.66  156.25
150.044 156.25
150.428 156.25
150.817 154.241645
151.2   156.657963
151.5795    158.102767
151.959 158.102767
152.349 153.846154
152.729 157.894737
153.8795    156.453716
153.496 156.453716
153.496 156.453716
154.263 156.453716
154.646 156.657963
155.029 156.657963
155.413 156.25
155.7975    156.046814
156.182 156.046814
156.948 156.657963
156.565 156.657963
157.331 156.657963
157.7165    155.642023
158.102 155.642023
158.487 155.844156
158.872 155.844156
159.262 153.846154
159.647 155.844156
160.031 156.25
160.415 156.25
160.803 154.639175
161.191 154.639175
161.576 155.844156
161.9635    154.83871
162.351 154.83871
164.671 155.172414
166.972 156.4537
167.362 153.846154
167.743 157.480315
168.124 157.480315
169.27975   155.743024
168.8945    155.743024
168.8945    155.743024
169.665 155.743024
170.056 153.452685
170.4395    156.453716
170.823 156.453716
171.2085    155.642023
171.594 155.642023
171.98  155.440415
172.362 157.068063
172.751 154.241645
173.137 155.440415
173.521 156.25
173.905 156.25
174.293 154.639175
174.6795    155.239327
175.066 155.239327
175.454 154.639175
175.8365    156.862745
176.219 156.862745
176.6055    155.239327
176.992 155.239327
177.767333  154.772142
177.379667  154.772142
178.155 154.772142
179.30475   156.555772
178.9215    156.555772
178.9215    156.555772
179.688 156.555772
180.074 155.440415
180.462 154.639175
180.85  154.639175
181.231 157.480315
181.614 156.657963
181.998 156.25
182.384 155.440415
182.769 155.844156
183.537667  156.114483
183.153333  156.114483
183.922 156.114483
184.3045    156.862745
184.687 156.862745
185.071 156.25
185.4535    156.862745
185.836 156.862745
186.222 155.440415
186.606 156.25
186.985 158.311346
187.3685    156.453716
187.752 156.453716
188.135 156.657963
188.5205    155.642023
188.906 155.642023
189.285 158.311346
189.665 157.894737
190.049 156.25
190.431 157.068063
190.817 155.440415
191.197 157.894737
191.586 154.241645
191.969 156.657963
192.352 156.657963
192.736 156.25
193.12  156.25
193.503 156.657963
193.887 156.25
194.271 156.25
194.653 157.068063
195.0375    156.046814
195.422 156.046814
195.804 157.068063
196.183 158.311346
196.567 156.25
196.957 153.846154
197.336 158.311346
197.724 154.639175
198.108 156.25
198.492 156.25
198.869 159.151194
199.254 155.844156
199.643 154.241645
200.03  155.03876
200.411 157.480315
200.797 155.440415
201.182 155.844156
201.5665    156.046814
201.951 156.046814
202.337 155.440415
202.725 154.639175
203.109 156.25
203.493 156.25
203.878 155.844156
204.265 155.03876
204.65  155.844156
205.038 154.639175
205.426 154.639175
205.808 157.068063
206.194 155.440415
206.58  155.440415
206.9655    155.642023
207.351 155.642023
207.7385    154.83871
208.126 154.83871
208.513 155.03876
208.899 155.440415
210.06225   154.73888
209.6745    154.73888
209.6745    154.73888
210.45  154.73888
210.837 155.03876
211.224 155.03876
211.612 154.639175
211.998 155.440415
212.384 155.440415
212.77  155.440415
213.1585    154.440154
213.547 154.440154
213.931 156.25
214.317 155.440415
214.704 155.03876
215.09  155.440415
215.475 155.844156
215.862 155.03876
216.249 155.03876
216.634 155.844156
217.402667  156.114483
217.018333  156.114483
217.787 156.114483
218.171 156.25
218.559 154.639175
218.942 156.657963
219.327 155.844156
219.711 156.25
220.477667  156.521739
220.094333  156.521739
220.861 156.521739
221.2465    155.642023
221.632 155.642023
222.019 155.03876
222.403 156.25
222.786 156.657963
223.168 157.068063
223.55  157.068063
223.938 154.639175
224.318 157.894737
224.704 155.440415
225.085 157.480315
225.467 157.068063
225.849 157.068063
226.231 157.068063
226.6135    156.862745
226.996 156.862745
227.758667  157.342656
227.377333  157.342656
228.14  157.342656
228.515 160
228.897 157.068063
229.284 155.03876
229.659 160
230.041 157.068063
231.932 158.64622
232.312 157.894737
232.693 157.480315
233.069 159.574468
233.4505    157.273919
233.832 157.273919
234.587333  158.870256
234.209667  158.870256
234.965 158.870256
235.342 159.151194
235.719 159.151194
236.104 155.844156
236.48  159.574468
236.863 156.657963
237.242 158.311346
237.996 159.151194
237.619 159.151194
238.373 159.151194
238.757 156.25
239.133 159.574468
239.5165    156.453716
239.9   156.453716
240.28  157.894737
240.654 160.427807
241.028 160.427807
241.4085    157.687254
241.789 157.687254
242.17  157.480315
242.547 159.151194
242.934 155.03876
243.315 157.480315
243.696 157.480315
244.0765    157.687254
244.457 157.687254
245.5985    157.687252
245.218 157.687252
245.218 157.687252
245.979 157.687252
246.365 155.440415
246.748 156.657963
247.131 156.657963
247.506 160
247.885 158.311346
248.268 156.657963
248.651 156.657963
249.035 156.25
249.421 155.440415
249.802 157.480315
250.179 159.151194
250.556 159.151194
250.9385    156.862745
251.321 156.862745
253.221 157.8947
253.599 158.730159
253.98  157.480315
254.361 157.480315
254.737 159.574468
255.12  156.657963
256.254 158.73016
255.876 158.73016
255.876 158.73016
256.632 158.73016
257.004 161.290323
257.381 159.151194
257.767 155.440415
258.141 160.427808
258.5205    158.102767
258.9   158.102767
259.284 156.25
259.659 160
260.034 160
260.412 158.730159
260.791 158.311346
261.173 157.068063
261.549 159.574468
261.931 157.068063
262.312 157.480315
262.689 159.151194
263.068 158.311346
263.447 158.311346
266.098 158.4307
266.47  161.290323
266.8525    156.862745
267.235 156.862745
267.609 160.427808
268.373667  156.931125
267.991333  156.931125
268.756 156.931125
269.1315    159.786951
269.507 159.786951
269.885 158.730159
270.267 157.068063
270.646 158.311346
271.026 157.894737
271.787333  157.618215
271.406667  157.618215
272.168 157.618215
273.302 158.73016
272.924 158.73016
272.924 158.73016
273.68  158.73016
274.066 155.440415
274.443 159.151194
274.827 156.25
275.96175   158.625248
275.5835    158.625248
275.5835    158.625248
276.34  158.625248
276.725 155.844156
277.101 159.574468
277.482 157.480315
277.864 157.068063
278.246 157.068063
278.62  160.427808
279.377333  158.450703
278.998667  158.450703
279.756 158.450703
280.137 157.480315
280.514 159.151194
281.276667  157.342656
280.895333  157.342656
281.658 157.342656
282.037 158.311346
282.416 158.311346
282.795 158.311346
283.175 157.894737
283.559 156.25
283.939 157.894737
284.32  157.480315
285.46  157.894736
285.08  157.894736
285.08  157.894736
285.84  157.894736
286.171 160.7278
286.599 160.73
286.99  153.452685
287.366 159.574468
287.746 157.894737
288.134 154.639175
288.51  159.574468
289.278 156.249999
288.894 156.249999
289.662 156.249999
290.0435    157.273919
290.425 157.273919
290.804 158.311346
291.189 155.844156
291.577 154.639175
291.956 158.311346
292.341 155.844156
292.726 155.844156
293.109 156.657963
293.483 160.427808
293.864 157.480315
294.248 156.25
294.636 154.639175
295.023 155.03876
295.41  155.03876
295.795 155.844156
296.177 157.068063
296.563 155.440415
296.95  155.03876
297.337 155.03876
297.728 153.452685
298.119 153.452685
298.507 154.639175
298.895 154.639175
299.283 154.639175
299.672 154.241645
300.056 156.25
300.427 161.725067
302.388 152.983
302.775 155.03876
303.167 153.061225
303.554 155.03876
303.944 153.846154
304.3275    156.453716
304.711 156.453716
305.104 152.671756
305.487 156.657963
305.876 154.241645
306.268 153.061225
306.655 155.03876
307.0365    157.273919
307.418 157.273919
309.363 154.24165
310.51275   156.555772
310.1295    156.555772
310.1295    156.555772
310.896 156.555772
311.283 155.03876
311.67  155.03876
312.059 154.241645
312.439 157.894737
313.203667  156.931125
312.821333  156.931125
313.586 156.931125
315.501 156.6579
315.882 157.480315
316.264 157.068063
316.649 155.844156
317.03  157.480315
317.794667  156.931125
317.412333  156.931125
318.177 156.931125
318.558 157.480315
318.94  157.068063
319.3225    156.862745
319.705 156.862745
320.09  155.844156
320.472 157.068063
320.854 157.068063
321.239 155.844156
321.619 157.894737
321.993 160.427808
322.371 158.730159
322.754 156.657963
323.137 156.657963
323.902333  156.794424
323.519667  156.794424
324.285 156.794424
324.662 159.151194
325.039 159.151194
325.42  157.480315
325.799 158.311346
326.1805    157.273919
326.562 157.273919
327.324667  157.342656
326.943333  157.342656
327.706 157.342656
328.086 157.894737
328.469 156.657963
328.85  157.480315
329.231 157.480315
331.142 156.98587
331.519 159.151194
331.9   157.480315
332.29  153.846154
332.667 159.151194
333.048 157.480315
333.434 155.440415
333.819 155.844156
334.577 158.311347
334.198 158.311347
334.956 158.311347
335.339 156.657963
335.722 156.657963
336.1075    155.642023
336.493 155.642023
336.875 157.068063
337.254 158.311346
337.636 157.068063
338.019 156.657963
338.405 155.440415
338.788 156.657963
339.177 154.241645
339.56  156.657963
339.943 156.657963
340.323 157.894737
340.707 156.25
341.094 155.03876
341.481 155.03876
341.866 155.844156
342.251 155.844156
342.638 155.03876
343.396 158.311347
343.017 158.311347
343.775 158.311347
344.161 155.440415
344.544 156.657963
344.925 157.480315
345.691667  156.521739
345.308333  156.521739
346.075 156.521739
347.22625   156.351792
346.8425    156.351792
346.8425    156.351792
347.61  156.351792
347.999 154.241645
348.3835    156.046814
348.768 156.046814
349.534667  156.521739
349.151333  156.521739
349.918 156.521739
350.305 155.03876
350.697 153.061225
351.083 155.440415
351.475 153.061225
351.861 155.440415
352.2435    156.862745
352.626 156.862745
353.015 154.241645
353.404 154.241645
353.7935    154.043646
354.183 154.043646
354.569 155.440415
354.952 156.657963
355.337 155.844156
355.726 154.241645
356.114 154.639175
356.5   155.440415
356.891 153.452685
357.279 154.639175
357.663 156.25
358.05  155.03876
358.437 155.03876
358.8235    155.239327
359.21  155.239327
359.5995    154.043646
359.989 154.043646
360.378 154.241645
361.15  155.440413
360.764 155.440413
361.536 155.440413
361.924 154.639175
362.318 152.284264
362.705 155.03876
363.096 153.452685
363.484 154.639175
363.87  155.440415
364.2565    155.239327
364.643 155.239327
365.420333  154.373928
365.031667  154.373928
365.809 154.373928
366.1965    154.83871
366.584 154.83871
366.97  155.440415
367.36  153.846154
367.751 153.452685
368.91275   154.938672
368.5255    154.938672
368.5255    154.938672
369.3   154.938672
370.4595    155.239328
370.073 155.239328
370.073 155.239328
370.846 155.239328
371.236 153.846154
371.629 152.671756
372.017 154.639175
372.396 158.311346
372.781 155.844156
373.174 152.671756
373.56  155.440415
373.95  153.846154
375.891 154.5595
376.279 154.639175
376.671 153.061225
377.062 153.452685
377.4485    155.239327
377.835 155.239327
378.221 155.440415
378.6095    154.440154
378.998 154.440154
379.781333  153.19149
379.389667  153.19149
380.173 153.19149
380.555 157.068063
381.329 155.038761
380.942 155.038761
381.716 155.038761
382.105 154.241645
382.496 153.452685
382.887 153.452685
383.271 156.25
383.655 156.25
384.042 155.03876
384.43  154.639175
384.818 154.639175
385.201 156.657963
385.3   0
385.4   0
385.5   0
385.6   0
385.7   0
385.8   0
385.9   0
386 0
386.1   0
386.2   0
386.3   0
386.4   0
386.5   0
386.6   0
386.7   0
386.8   0
386.9   0
387 0
387.1   0
387.2   0
387.3   0
387.4   0
387.5   0
387.6   0
387.7   0
387.8   0
387.9   0
388 0
388.1   0
388.2   0
388.3   0
388.4   0
388.5   0
388.6   0
388.7   0
388.8   0
388.9   0
389 0
389.1   0
389.2   0
389.3   0
389.4   0
389.5   0
389.6   0
389.7   0
389.8   0
389.9   0
390 0
390.1   0
390.2   0
390.3   0
390.4   0
390.5   0
390.6   0
390.7   0
390.8   0
390.9   0
391 0
391.1   0
391.2   0
391.3   0
391.4   0
391.5   0
391.6   0
391.7   0
391.8   0
391.9   0
392 0
392.1   0
392.2   0
392.3   0
392.4   0
392.5   0
392.6   0
392.7   0
392.8   0
392.9   0
393 0
393.1   0
393.2   0
393.3   0
393.4   0
393.5   0
393.6   0
393.7   0
393.8   0
393.9   0
394 0
394.1   0
394.2   0
394.3   0
394.4   0
394.5   0
394.6   0
394.7   0
394.8   0
394.9   0
395 0
395.1   0
395.2   0
395.3   0
395.4   0
