0.34    178.470588
0.683   178.927114
1.025   179.438596
1.369   175.418605
1.712   174.927114
2.057   176.913043
2.401   174.418605
2.744   174.927114
3.091   172.910663
3.43    176.99115
3.774   174.418605
4.801   175.2677
5.83    174.927
6.174   174.418605
6.516   175.438596
6.861   173.913043
7.196   179.104478
7.538   175.438596
7.882   174.418605
8.218   178.571429
8.562   174.418605
8.907   173.913043
9.245   177.514793
9.589   174.418605
9.933   174.418605
10.276  174.927114
10.62   174.418605
11.651  174.58777
12.328  179
12.669  175.953079
13.348  179
13.693  173.913043
14.033  176.470588
14.375  175.438596
14.723  172.413793
15.061  177.514793
15.743  175
16.426  174
16.77   174.418605
17.795  175.609
18.135  176.470588
18.479  174.418605
19.153  178
19.495  175.438596
19.831  178.571429
20.172  175.953079
20.513  175.953079
20.85   178.041543
21.191  175.953079
21.536  173.913043
21.874  177.514793
22.215  175.953079
22.56   173.913043
22.899  176.99115
23.239  176.470588
23.918  177
24.254  178.571429
24.599  173.913043
24.936  178.041543
25.278  175.438596
25.627  171.919771
25.966  176.99115
26.31   174.418605
26.663  169.971671
27.002  176.99115
27.35   172.413793
27.704  169.491525
28.056  170.454545
28.403  172.910663
28.744  175.953079
29.098  169.491525
29.452  169.491525
29.793  175.953079
30.145  170.454545
31.206  169.65
31.565  167.130919
31.92   169.014085
32.281  166.204986
32.642  166.204986
33.001  167.130919
33.361  166.666667
33.728  163.487738
34.094  163.934426
35.198  163.04
37.461  159.08
38.992  156.76
42.992  150
43.421  139.86014
43.845  141.509434
44.265  142.857143
44.694  139.86014
45.123  139.86014
45.55   140.515222
45.978  140.186916
46.409  139.211137
46.838  139.86014
47.275  137.299771
47.724  133.63029
48.171  134.228188
49.059  134
51.059  120
53.059  120
53.597  111.524164
54.125  113.636364
54.666  111.90573
55.389  111.987552
59.389  85
62   97
65   95
67.389  98
70   84
75 89
77 85
83.389  93
84.033  88.167702
84.677  83.167702
85.372  86.330935
86.082  84.507042
86.804  83.102493
87.541  81.411126
88.286  80.536913
88.974  87.209302
89.677  85.348506
90.383  84.985836
91.1    83.682008
91.789  87.082729
92.476  87.336245
93.18   85.227273
93.907  82.530949
94.654  80.321285
95.363  84.626234
96.088  82.758621
96.8    84.269663
97.538  81.300813
98.246  84.745763
98.954  84.745763
99.656  85.470085
100.388 81.967213
101.111 82.987552
101.847 81.521739
102.587 81.081081
103.365 77.120823
104.118 79.681275
104.856 81.300813
105.596 81.081081
106.335 81.190798
107.085 80
107.809 82.872928
108.538 82.304527
109.266 82.417582
110.008 80.862534
110.7465    81.245768
111.485 81.245768
112.222 81.411126
112.967 80.536913
113.712 80.536913
114.457 80.536913
115.208 79.893475
115.963 79.470199
116.702 81.190798
117.4755    77.569489
118.249 77.569489
119.032 76.628352
119.857 72.727273
120.638 76.824584
121.443 74.534161
122.219 77.319588
122.9735    79.522863
123.728 79.522863
124.495 78.226858
125.235 81.081081
125.991 79.365079
126.762 77.821012
127.5195    79.207921
128.277 79.207921
129.04  78.636959
129.805 78.431373
130.534 82.304527
131.266 81.967213
131.978 84.269663
132.672 86.455331
133.368 86.206897
134.055 87.336245
134.745 86.956522
135.474 82.304527
136.21  81.521739
136.991 76.824584
137.776 76.433121
138.562 76.335878
139.332 77.922078
140.058 82.644628
140.807 80.106809
141.551 80.645161
142.283 81.967213
143.049 78.328982
143.807 79.155673
144.59  76.628352
145.418 72.463768
146.206 76.142132
147.022 73.529412
147.812 75.949367
148.585 77.619664
149.371 76.335878
150.166 75.471698
150.938 77.720207
151.71  77.720207
152.495 76.433121
153.253 79.155673
154.042 76.045627
154.819 77.220077
155.634 73.619632
156.441 74.349442
157.214 77.619664
157.993 77.021823
158.772 77.021823
159.543 77.821012
160.338 75.471698
161.117 77.021823
161.893 77.319588
162.685 75.757576
165.098 74.6
165.896 75.18797
166.76  69.444444
167.603 71.174377
168.425 72.992701
169.2445    73.215375
170.064 73.215375
170.896 72.115385
171.689 75.662043
172.524 71.856287
173.364 71.428571
174.187 72.90401
175.056 69.044879
175.927 68.886338
176.772 71.005917
177.615 71.174377
178.421 74.441687
179.179 79.155673
179.937 79.155673
180.709 77.720207
181.637 64.655172
182.475 71.599045
183.266 75.85335
184.018 79.787234
184.743 82.758621
185.487 80.645161
186.231 80.645161
187.085 70.257611
188.193 54.151625
189.06  69.204152
189.7755    83.857442
190.491 83.857442
191.193 85.470085
191.907 84.033613
192.8995    60.453401
193.892 60.453401
194.831 63.897764
195.779 63.291139
196.655 68.493151
197.529 68.649886
198.387 69.93007
199.223 71.770335
200.081 69.93007
200.9225    71.301248
201.764 71.301248
202.62  70.093458
203.4625    71.216617
204.305 71.216617
205.1345    72.332731
205.964 72.332731
206.85  67.72009
207.736 67.72009
208.604 69.124424
209.47  69.284065
210.29  73.170732
211.134 71.090047
212.016 68.027211
212.831 73.619632
213.601 77.922078
214.371 77.922078
215.141 77.922078
215.9345    75.614367
216.728 75.614367
217.491 78.636959
218.262 77.821012
219.071 74.165637
219.883 73.891626
220.748 69.364162
221.608 69.767442
222.43  72.992701
223.215 76.433121
223.989 77.51938
224.772 76.628352
225.555 76.628352
226.336 76.824584
227.216 68.181818
228.05  71.942446
228.846 75.376884
229.623 77.220077
230.41  76.238882
231.17  78.947368
231.934 78.534031
232.719 76.433121
233.496 77.220077
234.283 76.238882
235.108 72.727273
235.89  76.726343
236.674 76.530612
237.458 76.530612
238.229 77.821012
239.004 77.419355
239.804 75
240.585 76.824584
241.367 76.726343
242.166 75.093867
242.948 76.726343
243.729 76.824584
244.513 76.530612
245.288 77.419355
246.058 77.922078
246.828 77.922078
247.594 78.328982
248.369 77.419355
249.107 81.300813
249.803 86.206897
250.546 80.753701
251.289 80.753701
252.06  77.821012
252.818 79.155673
253.583 78.431373
254.348 78.431373
255.094 80.428954
255.84  80.428954
256.589 80.106809
257.35  78.843627
258.1395    75.997467
258.929 75.997467
259.76  72.202166
260.548 76.142132
262.215 71.985603
263.316 54.495913
264.223 66.15215
265.078 70.175439
265.8775    75.046904
266.677 75.046904
267.481 74.626866
268.286 74.534161
269.137 70.505288
270.003 69.284065
270.885 68.027211
271.767 68.027211
272.66  67.18925
273.554 67.114094
274.444 67.41573
275.294 70.588235
276.146 70.422535
276.961 73.619632
277.754 75.662043
278.551 75.282309
279.37  73.260073
280.181 73.982737
280.984 74.719801
281.755 77.821012
282.515 78.947368
283.287 77.720207
284.054 78.226858
284.812 79.155673
285.568 79.365079
286.336 78.125
287.09  79.575597
287.8745    76.481836
288.659 76.481836
289.513 70.257611
290.364 70.505288
291.288 64.935065
292.189 66.592675
293.047 69.93007
293.899 70.422535
294.737 71.599045
295.534 75.282309
296.34  74.441687
297.153 73.800738
297.945 75.757576
298.795 70.588235
299.6225    72.507553
300.45  72.507553
301.217 78.226858
302.025 74.257426
302.807 76.726343
303.631 72.815534
304.439 74.257426
305.247 74.257426
306.031 76.530612
306.818 76.238882
307.6005    76.677316
308.383 76.677316
309.177 75.566751
309.993 73.529412
310.798 74.534161
311.655 70.011669
312.527 68.807339
313.373 70.921986
314.219 70.921986
315.064 71.005917
315.87  74.441687
316.676 74.441687
317.475 75.093867
318.275 75
319.086 73.982737
319.924 71.599045
320.748 72.815534
321.596 70.754717
322.445 70.671378
323.287 71.258907
324.124 71.684588
324.968 71.090047
325.812 71.090047
326.656 71.090047
327.505 70.671378
328.352 70.838253
329.199 70.838253
330.027 72.463768
330.872 71.005917
331.692 73.170732
332.513 73.081608
333.319 74.441687
334.153 71.942446
334.989 71.770335
335.814 72.727273
336.652 71.599045
337.458 74.441687
338.249 75.85335
339.027 77.120823
339.808 76.824584
340.5695    78.791858
341.331 78.791858
342.106 77.419355
342.873 78.226858
343.65  77.220077
344.436 76.335878
345.207 77.821012
345.986 77.021823
346.77  76.530612
347.555 76.433121
348.361 74.441687
349.185 72.815534
350.027 71.258907
350.859 72.115385
351.694 71.856287
352.524 72.289157
353.337 73.800738
354.156 73.260073
354.98  72.815534
355.795 73.619632
356.619 72.815534
357.468 70.671378
358.3135    70.963927
359.159 70.963927
360.001 71.258907
360.844 71.174377
361.663 73.260073
362.487 72.815534
363.325 71.599045
364.152 72.551391
364.997 71.005917
365.859 69.605568
366.705 70.921986
367.573 69.124424
368.444 68.886338
369.292 70.754717
370.162 68.965517
371.035 68.728522
371.878 71.174377
372.721 71.174377
373.522 74.906367
374.3185    75.329567
375.115 75.329567
375.901 76.335878
376.676 77.419355
377.458 76.726343
378.23  77.720207
379 77.922078
379.771 77.821012
380.52  80.106809
381.288 78.125
382.039 79.893475
382.79  79.893475
383.541 79.893475
384.314 77.619664
385.098 76.530612
385.909 73.982737
386.756 70.838253
387.5845    72.420036
388.413 72.420036
389.221 74.257426
390.014 75.662043
390.793 77.021823
391.569 77.319588
392.367 75.18797
393.155 76.142132
393.93  77.419355
394.684 79.575597
395.438 79.575597
396.224 76.335878
397.023 75.093867
397.834 73.982737
398.667 72.028812
399.504 71.684588
400.302 75.18797
401.096 75.566751
401.883 76.238882
402.677 75.566751
403.462 76.433121
404.259 75.282309
405.105 70.921986
405.997 67.264574
406.881 67.873303
407.7785    66.852368
408.676 66.852368
409.535 69.848661
410.378 71.174377
411.206 72.463768
412.016 74.074074
412.837 73.081608
413.679 71.258907
414.516 71.684588
415.364 70.754717
416.225 69.686411
417.0735    70.713023
417.922 70.713023
418.781 69.848661
419.653 68.807339
420.479 72.639225
421.302 72.90401
422.114 73.891626
422.91  75.376884
423.7   75.949367
424.499 75.093867
425.293 75.566751
426.09  75.282309
426.904 73.710074
427.729 72.727273
428.555 72.639225
429.387 72.115385
430.226 71.513707
431.038 73.891626
431.85  73.891626
432.667 73.439412
433.492 72.727273
434.312 73.170732
435.141 72.376357
435.984 71.174377
436.813 72.376357
437.648 71.856287
438.488 71.428571
439.323 71.856287
440.139 73.529412
440.953 73.710074
441.769 73.529412
442.573 74.626866
443.381 74.257426
444.196 73.619632
445.022 72.639225
445.85  72.463768
446.693 71.174377
447.537 71.090047
448.361 72.815534
449.187 72.639225
450.013 72.639225
450.826 73.800738
451.637 73.982737
452.449 73.891626
453.274 72.727273
454.086 73.891626
454.905 73.260073
455.731 72.639225
456.557 72.639225
457.388 72.202166
458.229 71.343639
459.057 72.463768
459.878 73.081608
460.712 71.942446
461.549 71.684588
462.358 74.165637
463.168 74.074074
463.99  72.992701
464.829 71.513707
465.653 72.815534
466.487 71.942446
467.333 70.921986
468.178 71.005917
468.995 73.439412
469.821 72.639225
470.635 73.710074
471.441 74.441687
472.243 74.812968
473.055 73.891626
473.862 74.349442
474.674 73.891626
475.503 72.376357
476.332 72.376357
477.161 72.376357
478.001 71.428571
478.834 72.028812
479.651 73.439412
480.4605    74.119827
481.27  74.119827
482.073 74.719801
482.884 73.982737
483.696 73.891626
484.504 74.257426
485.308 74.626866
486.12  73.891626
486.932 73.891626
487.755 72.90401
488.548 75.662043
489.342 75.566751
490.129 76.238882
490.918 76.045627
491.699 76.824584
492.485 76.335878
493.282 75.282309
494.085 74.719801
494.912 72.551391
495.767 70.175439
496.606 71.513707
497.458 70.422535
498.31  70.422535
499.1475    71.641791
499.985 71.641791
500.836 70.505288
501.681 71.005917
502.52  71.513707
503.368 70.754717
504.216 70.754717
505.057 71.343639
505.903 70.921986
506.757 70.257611
507.595 71.599045
508.446 70.505288
509.301 70.175439
510.1505    70.629782
511 70.629782
511.8595    69.808028
512.719 69.808028
513.566 70.838253
514.417 70.505288
515.262 71.005917
516.095 72.028812
516.939 71.090047
517.784 71.005917
518.64  70.093458
519.512 68.807339
520.404 67.264574
521.297 67.18925
522.209 65.789474
523.121 65.789474
523.996 68.571429
524.864 69.124424
525.7105    70.880094
526.557 70.880094
527.411 70.257611
528.275 69.444444
529.129 70.257611
530.01  68.104427
530.882 68.807339
531.74  69.93007
532.609 69.044879
533.491 68.027211
534.338 70.838253
535.186 70.754717
536.034 70.754717
536.866 72.115385
537.703 71.684588
538.564 69.686411
539.421 70.011669
540.298 68.415051
541.191 67.18925
542.071 68.181818
542.919 70.754717
543.772 70.339977
544.626 70.257611
545.483 70.011669
546.322 71.513707
547.191 69.044879
548.071 68.181818
548.95  68.259386
549.814 69.444444
550.6925    68.298236
551.571 68.298236
552.425 70.257611
553.274 70.671378
554.121 70.838253
554.953 72.115385
555.778 72.727273
556.61  72.115385
557.462 70.422535
558.305 71.174377
559.167 69.605568
560.046 68.259386
560.903 70.011669
561.758 70.175439
562.607 70.671378
563.444 71.684588
564.259 73.619632
565.078 73.260073
565.907 72.376357
566.739 72.115385
567.562 72.90401
568.4   71.599045
569.246 70.921986
570.077 72.202166
570.917 71.428571
571.766 70.671378
572.604 71.599045
573.427 72.90401
574.258 72.202166
575.098 71.428571
575.924 72.639225
576.756 72.115385
577.6   71.090047
578.457 70.011669
579.295 71.599045
580.144 70.671378
580.984 71.428571
581.82  71.770335
582.633 73.800738
583.447 73.710074
584.274 72.551391
585.1   72.639225
585.922 72.992701
586.755 72.028812
587.601 70.921986
588.429 72.463768
589.268 71.513707
590.118 70.588235
590.974 70.093458
591.814 71.428571
592.661 70.838253
593.502 71.343639
594.329 72.551391
595.148 73.260073
595.979 72.202166
596.805 72.639225
597.618 73.800738
598.441 72.90401
599.264 72.90401
600.08  73.529412
600.1   0
600.2   0
600.3   0
600.4   0
600.5   0
600.6   0
600.7   0
600.8   0
600.9   0
601 0
601.1   0
601.2   0
601.3   0
601.4   0
601.5   0
601.6   0
601.7   0
601.8   0
601.9   0
602 0
602.1   0
602.2   0
602.3   0
602.4   0
602.5   0
602.6   0
602.7   0
602.8   0
602.9   0
603 0
603.1   0
603.2   0
603.3   0
603.4   0
603.5   0
603.6   0
603.7   0
603.8   0
603.9   0
604 0
604.1   0
604.2   0
604.3   0
604.4   0
604.5   0
604.6   0
604.7   0
604.8   0
604.9   0
605 0
605.1   0
605.2   0
605.3   0
605.4   0
605.5   0
605.6   0
605.7   0
605.8   0
605.9   0
606 0
606.1   0
606.2   0
606.3   0
606.4   0
606.5   0
606.6   0
606.7   0
606.8   0
606.9   0
607 0
607.1   0
607.2   0
607.3   0
607.4   0
607.5   0
607.6   0
607.7   0
607.8   0
607.9   0
608 0
608.1   0
608.2   0
608.3   0
608.4   0
608.5   0
608.6   0
608.7   0
608.8   0
608.9   0
609 0
609.1   0
609.2   0
609.3   0
609.4   0
609.5   0
609.6   0
609.7   0
609.8   0
609.9   0
610 0
610.1   0
610.2   0
610.3   0
610.4   0
610.5   0
610.6   0
610.7   0
610.8   0
610.9   0
611 0
611.1   0
611.2   0
611.3   0
611.4   0
611.5   0
611.6   0
611.7   0
611.8   0
611.9   0
612 0
612.1   0
612.2   0
612.3   0
612.4   0
612.5   0
612.6   0
612.7   0
612.8   0
612.9   0
613 0
613.1   0
613.2   0
613.3   0
613.4   0
613.5   0
613.6   0
613.7   0
613.8   0
613.9   0
614 0
614.1   0
614.2   0
614.3   0
614.4   0
614.5   0
614.6   0
614.7   0
614.8   0
614.9   0
615 0
615.1   0
615.2   0
615.3   0
615.4   0
615.5   0
615.6   0
615.7   0
615.8   0
615.9   0
616 0
616.1   0
616.2   0
616.3   0
616.4   0
616.5   0
616.6   0
616.7   0
616.8   0
616.9   0
617 0
617.1   0
617.2   0
617.3   0
617.4   0
617.5   0
617.6   0
617.7   0
617.8   0
617.9   0
618 0
618.1   0
618.2   0
618.3   0
618.4   0
618.5   0
618.6   0
618.7   0
618.8   0
618.9   0
619 0
619.1   0
619.2   0
619.3   0
619.4   0
619.5   0
619.6   0
619.7   0
619.8   0
619.9   0
620 0
620.1   0
620.2   0
620.3   0
620.4   0
620.5   0
620.6   0
620.7   0
620.8   0
620.9   0
621 0
621.1   0
621.2   0
621.3   0
621.4   0
621.5   0
621.6   0
621.7   0
621.8   0
621.9   0
622 0
622.1   0
622.2   0
622.3   0
622.4   0
622.5   0
622.6   0
622.7   0
622.8   0
622.9   0
623 0
623.1   0
623.2   0
623.3   0
623.4   0
623.5   0
623.6   0
623.7   0
623.8   0
623.9   0
624 0
624.1   0
624.2   0
624.3   0
624.4   0
624.5   0
624.6   0
624.7   0
624.8   0
624.9   0
625 0
625.1   0
625.2   0
625.3   0
625.4   0
625.5   0
625.6   0
625.7   0
625.8   0
625.9   0
626 0
626.1   0
626.2   0
626.3   0
626.4   0
626.5   0
626.6   0
626.7   0
626.8   0
626.9   0
627 0
627.1   0
627.2   0
627.3   0
627.4   0
627.5   0
627.6   0
627.7   0
627.8   0
627.9   0
628 0
628.1   0
