0.681   82.105727
1.338   89.324201
1.956   87.087379
3.012   93.6363
3.613   99.833611
4.17    107.719928
4.716   109.89011
5.255   111.317254
5.786   112.99435
7.342   115.68
8.351   118.9296
8.852   119.760479
9.344   121.951219
9.833   122.699387
10.32   123.203285
10.798  125.523013
11.271  126.849894
11.743  127.118644
12.209  128.755365
12.6685 130.576714
13.128  130.576714
13.581  132.450331
14.031  133.333333
14.479  133.928571
14.929  133.333333
15.367  136.986301
15.7935 140.679953
16.22   140.679953
16.675  131.868132
17.105  139.534884
17.533  140.186916
17.959  140.84507
18.381  142.180095
18.806  141.176471
19.222  144.230769
19.638  144.230769
20.059  142.517815
21.295  145.631068
20.883  145.631068
20.883  145.631068
21.707  145.631068
22.513  148.883376
22.11   148.883376
22.916  148.883376
23.326  146.341463
23.722  151.515152
24.121  150.37594
24.521  150
24.921  150
25.316  151.898734
25.717  149.625935
26.11   152.671756
26.899333   152.027028
26.504667   152.027028
27.294  152.027028
28.081333   152.413209
27.687667   152.413209
28.475  152.413209
29.258333   153.19149
28.866667   153.19149
29.65   153.19149
30.043  152.671756
30.4335 153.649168
30.824  153.649168
31.211  155.03876
31.601  153.846154
31.9915 153.649168
32.382  153.649168
32.77   154.639175
33.159  154.241645
33.548  154.241645
33.932  156.25
34.316  156.25
34.706  153.846154
35.094  154.639175
35.478  156.25
37.405  155.68241
37.789  156.25
38.172  156.657963
38.942667   155.709342
38.557333   155.709342
39.328  155.709342
39.706  158.730159
40.091  155.844156
40.479  154.639175
40.862  156.657963
41.245  156.657963
41.625  157.894737
42.392333   156.385752
42.008667   156.385752
42.776  156.385752
43.161  155.844156
43.537  159.574468
43.921  156.25
44.309  154.639175
44.691  157.068063
45.073  157.068063
45.454  157.480315
45.836  157.068063
46.2195 156.453716
46.603  156.453716
46.985  157.068063
47.364  158.311346
47.743  158.311346
48.131  154.639175
48.513  157.068063
48.895  157.068063
49.275  157.894737
49.66   155.844156
50.04   157.894737
50.421  157.480315
50.8055 156.046814
51.19   156.046814
51.567  159.151194
51.949  157.068063
52.331  157.068063
52.713  157.068063
53.095  157.068063
53.484  154.241645
54.244667   157.756353
53.864333   157.756353
54.625  157.756353
55.003  158.730159
55.386  156.657963
55.77   156.25
56.15   157.894737
56.532  157.068063
56.914  157.068063
57.301  155.03876
57.68   158.311346
58.059  158.311346
58.446  155.03876
58.824  158.730159
59.2075 156.453716
59.591  156.453716
59.972  157.480315
60.35   158.730159
62.256  157.39769
62.637  157.480315
63.019  157.068063
63.4005 157.273919
63.782  157.273919
64.165  156.657963
64.541  159.574468
64.922  157.480315
65.302  157.894737
65.686  156.25
66.0695 156.453716
66.453  156.453716
66.829  159.574468
67.207  158.730159
67.588  157.480315
67.969  157.480315
68.731667   157.342656
68.350333   157.342656
69.113  157.342656
69.491  158.730159
70.251667   157.756353
69.871333   157.756353
70.632  157.756353
71.011  158.311346
71.3895 158.520476
71.768  158.520476
74.032  159.01
74.41   158.730159
74.7855 159.786951
75.161  159.786951
75.5395 158.520476
75.918  158.520476
76.29   161.290323
76.666  159.574468
77.04   160.427808
77.415  160
78.166333   159.716061
77.790667   159.716061
78.542  159.716061
78.914  161.290323
79.291  159.151194
79.662  161.725067
80.0385 159.36255
80.415  159.36255
80.791  159.574468
81.1615 161.94332
81.532  161.94332
81.9075 159.786951
82.283  159.786951
83.036333   159.292035
82.659667   159.292035
83.413  159.292035
84.529  161.290324
84.157  161.290324
84.157  161.290324
84.901  161.290324
85.277  159.574468
85.653  159.574468
86.028  160
86.396  163.043478
86.764  163.043478
87.14   159.574468
87.511  161.725067
87.88   162.601626
88.99675    161.182
88.6245 161.182
88.6245 161.182
89.369  161.182
89.737  163.043478
90.105  163.043478
90.48   160
90.848  163.043478
91.218  162.162162
91.5875 162.381597
91.957  162.381597
92.324  163.487738
92.693  162.601626
93.065  161.290323
93.435  162.162162
93.805  162.162162
94.1685 165.061898
94.532  165.061898
96.75   162.30838
97.115  164.383562
97.483  163.043478
97.85   163.487738
98.22   162.162162
98.958667   162.454875
98.589333   162.454875
99.328  162.454875
99.697  162.601626
100.059 165.745856
100.426 163.487738
100.797 161.725067
101.163 163.934426
101.902333  162.308385
101.532667  162.308385
102.272 162.308385
102.6385    163.710778
103.005 163.710778
103.375 162.162162
103.741 163.934426
104.1115    161.94332
104.482 161.94332
104.848 163.934426
105.952 163.04348
105.584 163.04348
105.584 163.04348
106.32  163.04348
106.69  162.162162
107.054 164.835165
108.896 162.86645
109.268 161.290323
109.637 162.601626
110.004 163.487738
110.373 162.601626
110.742 162.601626
111.106 164.835165
111.472 163.934426
111.845 160.857909
112.209 164.835165
112.577 163.043478
112.948 161.725067
113.316 163.043478
113.682 163.934426
114.051 162.601626
114.417 163.934426
114.783 163.934426
115.153 162.162162
115.521 163.043478
115.887 163.934426
116.253 163.934426
116.986333  163.636365
116.619667  163.636365
117.353 163.636365
117.7195    163.710778
118.086 163.710778
118.456 162.162162
118.829 160.857909
119.192 165.289256
119.558 163.934426
119.924 163.934426
120.29  163.934426
120.656 163.934426
121.026 162.162162
121.39  164.835165
121.7595    162.381597
122.129 162.381597
122.489 166.666667
122.853 164.835165
123.221 163.043478
123.586 164.383562
123.949 165.289256
124.316 163.487738
124.682 163.934426
125.048 163.934426
125.412 164.835165
125.776 164.835165
126.1415    164.158687
126.507 164.158687
127.243 163.043478
126.875 163.043478
127.611 163.043478
127.9735    165.517241
128.336 165.517241
128.702 163.934426
129.067 164.383562
129.431 164.835165
129.796 164.383562
130.1605    164.609053
130.525 164.609053
130.893 163.043478
131.2575    164.609053
131.622 164.609053
132.349333  164.986251
131.985667  164.986251
132.713 164.986251
133.0795    163.710778
133.446 163.710778
133.808 165.745856
134.177 162.601626
134.542 164.383562
134.905 165.289256
135.268 165.289256
135.629 166.204986
135.994 164.383562
136.726667  163.785258
136.360333  163.785258
137.093 163.785258
137.461 163.043478
137.82  167.130919
138.183 165.289256
138.546 165.289256
138.911 164.383562
139.275 164.835165
139.639 164.835165
140.003 164.835165
140.367 164.835165
140.733 163.934426
141.094 166.204986
141.453 167.130919
141.814 166.204986
142.175 166.204986
142.5395    164.609053
142.904 164.609053
143.632 164.835165
143.268 164.835165
143.996 164.835165
144.359 165.289256
144.722 165.289256
145.0795    167.832168
145.437 167.832168
145.798 166.204986
146.159 166.204986
146.523 164.835165
146.886 165.289256
147.248 165.745856
147.61  165.745856
147.972 165.745856
148.3335    165.975104
148.695 165.975104
149.061 163.934426
149.419 167.597765
150.51025   164.948452
150.1465    164.948452
150.1465    164.948452
150.874 164.948452
151.2315    167.832168
151.589 167.832168
151.953 164.835165
152.313 166.666667
153.402 165.289256
153.039 165.289256
153.039 165.289256
153.765 165.289256
154.131 163.934426
154.488 168.067227
154.848 166.666667
155.57  166.204986
155.209 166.204986
155.931 166.204986
156.2925    165.975104
156.654 165.975104
157.018 164.835165
157.382 164.835165
157.746 164.835165
158.107 166.204986
158.465 167.597765
158.825 166.666667
159.189 164.835165
159.5505    165.975104
159.912 165.975104
160.2765    164.609053
160.641 164.609053
161.005 164.835165
161.365 166.666667
161.723 167.597765
162.084 166.204986
162.4435    166.89847
162.803 166.89847
163.167 164.835165
163.53  165.289256
163.89  166.666667
164.616 165.289257
164.253 165.289257
164.979 165.289257
165.341 165.745856
165.703 165.745856
166.789 165.745856
166.427 165.745856
166.427 165.745856
167.151 165.745856
167.513 165.745856
167.875 165.745856
168.238 165.289256
168.6025    164.609053
168.967 164.609053
169.328 166.204986
169.688 166.666667
170.049 166.204986
170.411 165.745856
170.778 163.487738
171.137 167.130919
171.5035    163.710778
171.87  163.710778
172.232 165.745856
172.595 165.289256
172.955 166.666667
173.315 166.666667
173.678 165.289256
174.045 163.487738
174.405 166.666667
174.769 164.835165
175.13  166.204986
175.4955    164.158687
175.861 164.158687
176.221 166.666667
176.582 166.204986
176.943 166.204986
177.3   168.067227
177.661 166.204986
178.024 165.289256
178.387 165.289256
178.749 165.745856
179.476333  164.986251
179.112667  164.986251
179.84  164.986251
180.197 168.067227
180.557 166.666667
180.916 167.130919
181.275 167.130919
181.635 166.666667
181.999 164.835165
182.357 167.597765
184.16  166.38935
184.519 167.130919
184.879 166.666667
185.235 168.539326
185.598 165.289256
185.964 163.934426
186.318 169.491525
186.6785    166.435506
187.039 166.435506
187.403 164.835165
187.765 165.745856
188.122 168.067227
188.4825    166.435506
188.843 166.435506
189.557667  167.910447
189.200333  167.910447
189.915 167.910447
190.273 167.597765
190.6345    165.975104
190.996 165.975104
191.356 166.666667
191.7155    166.89847
192.075 166.89847
192.437 165.745856
192.799 165.745856
193.157 167.597765
193.515 167.597765
193.875 166.666667
194.235 166.666667
194.596 166.204986
194.957 166.204986
195.319 165.745856
195.68  166.204986
196.046 163.934426
196.407 166.204986
197.125 167.130918
196.766 167.130918
197.484 167.130918
197.844 166.666667
198.206 165.745856
198.564 167.597765
198.927 165.289256
199.292 164.383562
199.65  167.597765
200.376 165.289257
200.013 165.289257
200.739 165.289257
201.101 165.745856
202.906 166.2049
203.2685    165.517241
203.631 165.517241
204.362333  164.083866
203.996667  164.083866
204.728 164.083866
205.088 166.666667
205.447 167.130919
205.811 164.835165
206.176 164.383562
206.5385    165.517241
206.901 165.517241
207.27  162.601626
207.633 165.289256
207.994 166.204986
208.716 166.204986
208.355 166.204986
209.077 166.204986
209.441 164.835165
209.804 165.289256
210.163 167.130919
210.891 164.835165
210.527 164.835165
211.255 164.835165
211.62  164.383562
211.977 168.067227
212.697667  166.512489
212.337333  166.512489
213.058 166.512489
213.418 166.666667
214.143333  165.441177
213.780667  165.441177
214.506 165.441177
214.866 166.666667
215.23  164.835165
215.592 165.745856
215.956 164.835165
216.321 164.383562
216.675 169.491525
217.034 167.130919
217.397 165.289256
217.759 165.745856
218.117 167.597765
218.481 164.835165
218.845 164.835165
219.2095    164.609053
219.574 164.609053
219.934 166.666667
220.2925    167.364017
220.651 167.364017
221.377667  165.137616
221.014333  165.137616
221.741 165.137616
222.099 167.597765
222.462 165.289256
222.825 165.289256
223.188 165.289256
223.551 165.289256
223.908 168.067227
224.265 168.067227
224.624 167.130919
224.985 166.204986
225.347 165.745856
225.708 166.204986
226.067 167.130919
226.43  165.289256
226.787 168.067227
227.153 163.934426
227.514 166.204986
227.873 167.130919
228.233 166.666667
228.597 164.835165
228.953 168.539326
231.123 165.8986
231.484 166.204986
231.845 166.204986
232.206 166.204986
232.564 167.597765
232.9265    165.517241
233.289 165.517241
233.651 165.745856
234.012 166.204986
234.381 162.601626
234.74  167.130919
235.098 167.597765
235.817333  166.821132
235.457667  166.821132
236.177 166.821132
236.54  165.289256
236.906 163.934426
237.265 167.130919
237.625 166.666667
237.987 165.745856
238.349 165.745856
238.713 164.835165
239.077 164.835165
239.439 165.745856
239.802 165.289256
240.16  167.597765
240.523 165.289256
240.888 164.383562
241.253 164.383562
243.441 164.533818
243.807 163.934426
244.176 162.601626
244.539 165.289256
244.905 163.934426
245.27  164.383562
246.001333  164.083866
245.635667  164.083866
246.367 164.083866
246.731 164.835165
247.096 164.383562
247.459 165.289256
247.827 163.043478
248.195 163.043478
248.558 165.289256
248.925 163.487738
249.292 163.487738
250.387 164.38356
250.022 164.38356
250.022 164.38356
250.752 164.38356
251.12  163.043478
251.485 164.383562
251.851 163.934426
252.584333  163.636365
252.217667  163.636365
252.951 163.636365
253.678333  164.986251
253.314667  164.986251
254.042 164.986251
254.409 163.487738
254.7745    164.158687
255.14  164.158687
255.506 163.934426
256.238 163.934427
255.872 163.934427
256.604 163.934427
256.968 164.835165
257.3295    165.975104
257.691 165.975104
258.055 164.835165
258.422 163.487738
258.7865    164.609053
259.151 164.609053
259.5155    164.609053
259.88  164.609053
260.247 163.487738
260.611 164.835165
260.978 163.487738
261.703333  165.441177
261.340667  165.441177
262.066 165.441177
262.432 163.934426
262.797 164.383562
263.158 166.204986
263.525 163.487738
263.89  164.383562
264.98275   164.722032
264.6185    164.722032
264.6185    164.722032
265.347 164.722032
266.076333  164.533821
265.711667  164.533821
266.441 164.533821
266.805 164.835165
267.172 163.487738
267.539 163.487738
267.902 165.289256
268.268 163.934426
268.63  165.745856
268.9905    166.435506
269.351 166.435506
269.718 163.487738
270.084 163.934426
270.445 166.204986
271.174333  164.533821
270.809667  164.533821
271.539 164.533821
271.902 165.289256
272.265 165.289256
272.628 165.289256
272.991 165.289256
273.352 166.204986
273.718 163.934426
274.813 164.38356
274.448 164.38356
274.448 164.38356
275.178 164.38356
275.545 163.487738
275.911 163.934426
276.271 166.666667
276.6355    164.609053
277 164.609053
277.365 164.383562
277.728 165.289256
278.093 164.383562
278.459 163.934426
278.826 163.487738
279.55  165.745857
279.188 165.745857
279.912 165.745857
280.275 165.289256
280.641 163.934426
281.007 163.934426
281.372 164.383562
281.735 165.289256
282.469 163.487739
282.102 163.487739
282.836 163.487739
283.197 166.204986
283.558 166.204986
283.921 165.289256
285.013 164.835164
284.649 164.835164
284.649 164.835164
285.377 164.835164
285.739 165.745856
286.105 163.934426
286.471 163.934426
286.835 164.835165
287.194 167.130919
287.553 167.130919
288.279667  165.137616
287.916333  165.137616
288.643 165.137616
289.006 165.289256
289.37  164.835165
289.737 163.487738
290.096 167.130919
290.817333  166.358595
290.456667  166.358595
291.178 166.358595
291.54  165.745856
292.266667  165.137616
291.903333  165.137616
292.63  165.137616
292.99  166.666667
293.354 164.835165
293.718 164.835165
294.079 166.204986
294.44  166.204986
294.7975    167.832168
295.155 167.832168
295.519 164.835165
295.884 164.383562
296.242 167.597765
296.605 165.289256
296.968 165.289256
297.689333  166.358595
297.328667  166.358595
298.05  166.358595
298.41  166.666667
298.77  166.666667
299.134 164.835165
300.2215    165.51724
299.859 165.51724
299.859 165.51724
300.584 165.51724
301.66175   167.014612
301.3025    167.014612
301.3025    167.014612
302.021 167.014612
302.383 165.745856
302.745 165.745856
303.472333  164.986251
303.108667  164.986251
303.836 164.986251
304.1985    165.517241
304.561 165.517241
304.9195    167.364017
305.278 167.364017
305.645 163.487738
306.004 167.130919
306.37  163.934426
306.73  166.666667
307.464667  163.339383
307.097333  163.339383
307.832 163.339383
308.2   163.043478
308.5605    166.435506
308.921 166.435506
309.284 165.289256
309.651 163.487738
310.015 164.835165
310.38  164.383562
310.747 163.487738
311.114 163.487738
311.484 162.162162
311.846 165.745856
312.2125    163.710778
312.579 163.710778
312.945 163.934426
313.677667  163.785258
313.311333  163.785258
314.044 163.785258
314.412 163.043478
314.78  163.043478
315.137 168.067227
315.869 163.934427
315.503 163.934427
316.235 163.934427
316.601 163.934426
316.967 163.934426
317.33  165.289256
318.064 163.487739
317.697 163.487739
318.431 163.487739
319.159 164.835165
318.795 164.835165
319.523 164.835165
319.887 164.835165
320.619667  163.785258
320.253333  163.785258
320.986 163.785258
321.352 163.934426
321.72  163.043478
322.087 163.487738
322.446 167.130919
322.809 165.289256
323.179 162.162162
323.907 164.835165
323.543 164.835165
324.271 164.835165
324.634 165.289256
325.001 163.487738
325.3645    165.061898
325.728 165.061898
326.092 164.835165
326.452 166.666667
326.815 165.289256
327.182 163.487738
327.545 165.289256
327.907 165.745856
328.273 163.934426
328.635 165.745856
329.001 163.934426
329.365 164.835165
329.728 165.289256
330.089 166.204986
330.45  166.204986
330.812 165.745856
331.175 165.289256
331.5385    165.061898
331.902 165.061898
332.266 164.835165
332.63  164.835165
332.994 164.835165
333.357 165.289256
333.719 165.745856
334.081 165.745856
334.441 166.666667
334.806 164.383562
335.171 164.383562
335.534 165.289256
335.8995    164.158687
336.265 164.158687
336.6295    164.609053
336.994 164.609053
337.353 167.130919
337.712 167.130919
338.075 165.289256
338.436 166.204986
338.801 164.383562
339.166 164.383562
339.529 165.289256
339.892 165.289256
340.257 164.383562
340.621 164.835165
340.985 164.835165
341.344 167.130919
341.703 167.130919
342.065 165.745856
342.423 167.597765
342.785 165.745856
343.1495    164.609053
343.514 164.609053
343.874 166.666667
344.238 164.835165
344.6   165.745856
344.963 165.289256
345.324 166.204986
345.6845    166.435506
346.045 166.435506
346.406 166.204986
346.768 165.745856
347.129 166.204986
347.492 165.289256
347.851 167.130919
348.93925   165.403172
348.5765    165.403172
348.5765    165.403172
349.302 165.403172
349.66  167.597765
350.022 165.745856
350.740667  166.975881
350.381333  166.975881
351.1   166.975881
351.415 170
351.821 169
352.186 164.383562
352.543 168.067227
353.267667  165.593376
352.905333  165.593376
353.63  165.593376
353.99  166.666667
354.35  166.666667
355.427 167.13092
355.068 167.13092
355.068 167.13092
355.786 167.13092
356.147 166.204986
356.507 166.666667
356.868 166.204986
357.23  165.745856
357.591 166.204986
357.953 165.745856
358.307 169.491525
358.667 166.666667
359.0245    167.832168
359.382 167.832168
359.743 166.204986
360.104 166.204986
360.465 166.204986
360.826 166.2049861
361.183 168.0672269
362.267 166.05166
362.628 166.2049861
362.989 166.2049861
363.703 168.067
364.064 166.2049861
364.42  168.5393258
364.78  166.6666667
364.8   0
364.9   0
365 0
365.1   0
365.2   0
365.3   0
365.4   0
365.5   0
365.6   0
365.7   0
365.8   0
365.9   0
366 0
366.1   0
366.2   0
366.3   0
366.4   0
366.5   0
366.6   0
366.7   0
366.8   0
366.9   0
367 0
367.1   0
367.2   0
367.3   0
367.4   0
367.5   0
367.6   0
367.7   0
367.8   0
367.9   0
368 0
368.1   0
368.2   0
368.3   0
368.4   0
368.5   0
368.6   0
368.7   0
368.8   0
368.9   0
369 0
369.1   0
369.2   0
369.3   0
369.4   0
369.5   0
369.6   0
369.7   0
369.8   0
369.9   0
370 0
370.1   0
370.2   0
370.3   0
370.4   0
370.5   0
370.6   0
370.7   0
370.8   0
370.9   0
371 0
371.1   0
371.2   0
371.3   0
371.4   0
371.5   0
371.6   0
371.7   0
371.8   0
371.9   0
372 0
372.1   0
372.2   0
372.3   0
372.4   0
372.5   0
372.6   0
372.7   0
372.8   0
372.9   0
373 0
373.1   0
373.2   0
373.3   0
373.4   0
373.5   0
373.6   0
373.7   0
373.8   0
