0.362   165.745856
0.726   164.835165
1.083   168.067227
1.448   164.383562
2.17    166.20498
2.533   165.289256
2.89    168.067227
3.249   167.130919
3.612   165.289256
3.976   164.835165
4.336   166.666667
4.703   163.487738
5.067   164.835165
5.431   164.835165
5.793   165.745856
6.161   163.043478
6.522   166.204986
6.882   166.666667
7.254   161.290323
7.617   165.289256
7.987   162.162162
8.358   161.725067
8.722   164.835165
9.101   158.311346
9.473   161.290323
9.856   156.657963
10.24   156.25
10.619  158.311346
10.989  162.162162
11.375  155.440415
11.756  157.480315
12.128  161.290323
13.285  151.6525
13.681  151.515152
14.069  154.639175
14.847  154.2416
15.243  151.515152
15.639  151.515152
16.033  152.284264
21.045  120
21.482  137.299771
21.919  137.299771
22.359  136.363636
23.253  134.22818
23.7    134.228188
24.153  132.450331
24.613  130.434783
25.543  129.03225
25.999  131.578947
26.464  129.032258
26.919  131.868132
27.37   133.037694
27.82   133.333333
28.728  132.1586
29.195  128.479657
29.663  128.205128
30.152  122.699387
30.654  119.521912
31.161  118.343195
31.681  115.384615
32.215  112.359551
32.757  110.701107
33.311  108.303249
33.889  103.806228
34.474  102.564103
35.073  100.166945
35.697  96.153846
36.331  94.637224
36.946  97.560976
37.557  98.199673
38.155  100.334448
38.744  101.867572
39.332  102.040816
39.919  102.214651
40.507  102.040816
41.127  96.774194
41.814  87.336245
42.496  87.97654
43.131  94.488189
43.77   93.896714
44.398  95.541401
45.0485 92.236741
45.699  92.236741
46.42   83.217753
47.115  86.330935
47.792  88.626292
48.468  88.757396
49.136  89.820359
49.7765 93.676815
50.417  93.676815
51.044  95.69378
51.684  93.75
52.341  91.324201
53.0135 89.219331
53.686  89.219331
54.38   86.455331
55.09   84.507042
55.789  85.83691
56.498  84.626234
57.216  83.56546
57.919  85.348506
58.635  83.798883
59.363  82.417582
60.078  83.916084
60.806  82.417582
61.524  83.56546
62.261  81.411126
63.001  81.081081
63.738  81.411126
64.504  78.328982
65.262  79.155673
66.027  78.431373
66.787  78.947368
67.521  81.743869
68.268  80.321285
68.999  82.079343
69.734  81.632653
70.498  78.534031
71.26   78.740157
72.085  72.727273
72.942  70.011669
73.798  70.093458
74.632  71.942446
75.427  75.471698
76.2115 76.481836
76.996  76.481836
77.615  79
78.57   76
79.363  75.662043
80.127  78.534031
80.874  80.321285
81.61   81.521739
82.362  79.787234
83.107  80.536913
83.875  78.125
84.641  78.328982
85.383  80.862534
86.141  79.155673
86.887  80.428954
87.63   80.753701
88.385  79.470199
89.118  81.855389
89.858  81.081081
90.598  81.081081
91.335  81.411126
92.084  80.106809
92.848  78.534031
93.598  80
94.356  79.155673
95.117  78.843627
95.86   80.753701
96.63   77.922078
97.387  79.260238
98.137  80
98.905  78.125
99.669  78.534031
100.425 79.365079
101.195 77.922078
101.952 79.260238
102.719 78.226858
103.507 76.142132
104.296 76.045627
105.096 75
105.859 78.636959
106.627 78.125
107.388 78.843627
108.135 80.321285
108.907 77.720207
109.675 78.125
110.461 76.335878
111.253 75.757576
112.022 78.023407
112.809 76.238882
113.57  78.843627
114.331 78.843627
115.0745    80.699395
115.818 80.699395
116.576 79.155673
117.327 79.893475
118.08  79.681275
118.86  76.923077
119.597 81.411126
120.33  81.855389
121.044 84.033613
121.753 84.626234
122.464 84.388186
123.147 87.847731
123.824 88.626292
124.504 88.235294
125.281 77.220077
126.075 75.566751
126.821 80.428954
127.556 81.632653
128.315 79.051383
129.055 81.081081
129.776 83.217753
130.483 84.865629
131.182 85.83691
131.872 86.956522
132.55  88.495575
133.253 85.348506
133.95  86.083214
134.647 86.083214
135.323 88.757396
136.005 87.97654
136.692 87.336245
137.37  88.495575
138.055 87.591241
138.753 85.959885
139.45  86.083214
140.131 88.105727
140.813 87.97654
141.513 85.714286
142.225 84.269663
142.944 83.449235
143.684 81.081081
144.453 78.023407
145.231 77.120823
146.007 77.319588
146.779 77.720207
147.544 78.431373
148.296 79.787234
149.048 79.787234
149.803 79.470199
150.537 81.743869
151.266 82.304527
152.013 80.321285
152.769 79.365079
153.518 80.106809
154.284 78.328982
155.098 73.710074
155.91  73.891626
156.718 74.257426
157.538 73.170732
158.33  75.757576
159.1   77.922078
159.865 78.431373
160.612 80.321285
161.339 82.530949
162.072 81.855389
162.8125    81.026334
163.553 81.026334
164.315 78.740157
165.079 78.534031
165.827 80.213904
166.56  81.855389
167.294 81.743869
168.019 82.758621
168.741 83.102493
169.481 81.081081
170.252 77.821012
171.018 78.328982
171.751 81.855389
172.471 83.333333
173.21  81.190798
173.943 81.855389
174.666 82.987552
175.377 84.388186
176.064 87.336245
176.738 89.020772
177.404 90.09009
178.08  88.757396
178.752 89.285714
179.438 87.463557
180.141 85.348506
180.899 79.155673
181.652 79.681275
182.409 79.260238
183.19  76.824584
183.937 80.321285
184.677 81.081081
185.427 80
186.167 81.081081
186.895 82.417582
187.611 83.798883
188.316 85.106383
189.003 87.336245
189.695 86.705202
190.391 86.206897
191.126 81.632653
191.861 81.632653
192.673 73.891626
193.553 68.181818
194.426 68.728522
195.251 72.727273
196.01  79.051383
196.731 83.217753
197.477 80.428954
198.206 82.304527
198.948 80.862534
199.676 82.417582
200.416 81.081081
201.168 79.787234
201.978 74.074074
203.041 56.444026
203.949 66.079295
204.782 72.028812
205.613 72.202166
206.416 74.719801
207.201 76.433121
208.018 73.439412
208.841 72.90401
209.7055    69.40428
210.57  69.40428
211.435 69.364162
212.351 65.502183
213.266 65.57377
214.15  67.873303
215.05  66.666667
215.909 69.848661
216.771 69.605568
217.622 70.505288
218.442 73.170732
219.247 74.534161
220.036 76.045627
220.829 75.662043
221.735 66.225166
222.641 66.225166
223.544 66.445183
224.398 70.257611
225.183 76.433121
225.963 76.923077
226.737 77.51938
227.51  77.619664
228.279 78.023407
229.06  76.824584
229.843 76.628352
230.627 76.530612
231.421 75.566751
232.219 75.18797
233.008 76.045627
233.786 77.120823
234.568 76.726343
235.344 77.319588
236.132 76.142132
236.924 75.757576
237.715 75.85335
238.511 75.376884
239.309 75.18797
240.098 76.045627
240.889 75.85335
241.671 76.726343
242.453 76.726343
243.239 76.335878
244.01  77.821012
244.78  77.922078
245.551 77.821012
246.322 77.821012
247.11  76.142132
247.923 73.800738
248.721 75.18797
249.52  75.093867
250.316 75.376884
251.087 77.821012
251.855 78.125
252.626 77.821012
253.388 78.740157
254.152 78.534031
254.917 78.431373
255.681 78.534031
256.441 78.947368
257.176 81.632653
257.912 81.521739
258.653 80.97166
259.379 82.644628
260.109 82.191781
260.832 82.987552
261.557 82.758621
262.281 82.872928
263.006 82.758621
263.73  82.872928
264.433 85.348506
265.133 85.714286
265.842 84.626234
266.567 82.758621
267.32  79.681275
268.097 77.220077
268.883 76.335878
269.661 77.120823
270.421 78.947368
271.166 80.536913
271.9055    81.135903
272.645 81.135903
273.388 80.753701
274.138 80
274.908 77.922078
275.689 76.824584
276.471 76.726343
277.26  76.045627
278.056 75.376884
278.843 76.238882
279.641 75.18797
280.4155    77.469335
281.19  77.469335
281.967 77.220077
282.759 75.757576
283.558 75.093867
284.398 71.428571
285.26  69.605568
286.102 71.258907
286.966 69.444444
287.812 70.921986
288.611 75.093867
289.384 77.619664
290.128 80.645161
290.85  83.102493
291.559 84.626234
292.258 85.83691
292.99  81.967213
293.771 76.824584
294.626 70.175439
295.457 72.202166
296.261 74.626866
297.041 76.923077
297.818 77.220077
298.576 79.155673
299.322 80.428954
300.052 82.191781
300.783 82.079343
301.531 80.213904
302.336 74.534161
303.163 72.551391
303.985 72.992701
304.783 75.18797
305.565 76.726343
306.34  77.419355
307.112 77.720207
307.876 78.534031
308.653 77.220077
309.483 72.289157
310.326 71.174377
311.176 70.588235
312.044 69.124424
312.899 70.175439
313.753 70.257611
314.621 69.124424
315.46  71.513707
316.305 71.005917
317.11  74.534161
317.912 74.812968
318.715 74.719801
319.51  75.471698
320.316 74.441687
321.147 72.202166
321.956 74.165637
322.769 73.800738
323.58  73.982737
324.379 75.093867
325.182 74.719801
325.997 73.619632
326.806 74.165637
327.607 74.906367
328.425 73.349633
329.225 75
330.009 76.530612
330.806 75.282309
331.614 74.257426
332.411 75.282309
333.231 73.170732
334.057 72.639225
334.869 73.891626
335.7   72.202166
336.542 71.258907
337.355 73.800738
338.168 73.800738
338.99  72.992701
339.785 75.471698
340.562 77.220077
341.345 76.628352
342.153 74.257426
342.989 71.770335
343.803 73.710074
344.591 76.142132
345.379 76.142132
346.166 76.238882
346.933 78.226858
347.686 79.681275
348.447 78.843627
349.206 79.051383
349.995 76.045627
350.797 74.812968
351.647 70.588235
352.518 68.886338
353.353 71.856287
354.214 69.686411
355.06  70.921986
355.873 73.800738
356.709 71.770335
357.556 70.838253
358.394 71.599045
359.218 72.815534
360.0665    70.713023
360.915 70.713023
361.75  71.856287
362.601 70.505288
363.415 73.710074
364.218 74.719801
365.007 76.045627
365.789 76.726343
366.572 76.628352
367.357 76.433121
368.118 78.843627
368.89  77.720207
369.663 77.619664
370.446 76.628352
371.247 74.906367
372.059 73.891626
372.871 73.891626
373.677 74.441687
374.47  75.662043
375.243 77.619664
376 79.260238
376.74  81.081081
377.468 82.417582
378.196 82.417582
378.904 84.745763
379.627 82.987552
380.526 66.740823
381.468 63.694268
382.373 66.298343
383.283 65.934066
384.263 61.22449
385.224 62.434964
386.121 66.889632
386.704 75
387.898 76
388.733 71.856287
389.534 74.906367
390.328 75.566751
391.122 75.566751
391.989 69.204152
392.935 63.424947
393.88  63.492063
394.79  65.934066
395.728 63.965885
396.665 64.034152
397.576 65.86169
398.436 69.767442
399.3035    69.164265
400.171 69.164265
401.047 68.493151
401.893 70.921986
402.733 71.428571
403.608 68.571429
404.494 67.72009
405.391 66.889632
406.316 64.864865
407.212 66.964286
408.115 66.445183
408.982 69.204152
409.829 70.838253
410.644 73.619632
411.491 70.838253
412.3245    71.985603
413.158 71.985603
414.041 67.95017
414.941 66.666667
415.819 68.33713
416.72  66.592675
417.5965    68.454079
418.473 68.454079
419.351 68.33713
420.205 70.257611
420.998 75.662043
421.8055    74.303406
422.613 74.303406
423.405 75.757576
424.217 73.891626
425.021 74.626866
425.832 73.982737
426.645 73.800738
427.46  73.619632
428.249 76.045627
429.058 74.165637
429.875 73.439412
430.772 66.889632
431.661 67.491564
432.573 65.789474
433.474 66.592675
434.347 68.728522
435.1765    72.332731
436.006 72.332731
436.804 75.18797
437.602 75.18797
438.404 74.812968
439.217 73.800738
440.071 70.257611
440.929 69.93007
441.7925    69.484655
442.656 69.484655
443.565 66.006601
444.484 65.288357
445.38  66.964286
446.23  70.588235
447.068 71.599045
447.929 69.686411
448.783 70.257611
449.623 71.428571
450.472 70.671378
451.2965    72.771377
452.121 72.771377
452.939 73.349633
453.762 72.90401
454.601 71.513707
455.433 72.115385
456.279 70.921986
457.138 69.848661
457.997 69.848661
458.838 71.343639
459.678 71.428571
460.487 74.165637
461.294 74.349442
462.065 77.821012
462.812 80.321285
463.554 80.862534
464.299 80.536913
465.065 78.328982
465.874 74.165637
466.738 69.444444
467.615 68.415051
468.44  72.727273
469.234 75.566751
470.028 75.566751
470.798 77.922078
471.5545    79.312624
472.311 79.312624
473.104 75.662043
473.911 74.349442
474.733 72.992701
475.588 70.175439
476.452 69.444444
477.3085    70.052539
478.165 70.052539
479.004 71.513707
479.843 71.513707
480.686 71.174377
481.511 72.727273
482.306 75.471698
483.081 77.419355
483.862 76.824584
484.623 78.843627
485.367 80.645161
486.117 80
486.871 79.575597
487.643 77.720207
488.417 77.51938
489.2325    73.574494
490.048 73.574494
490.841 75.662043
491.667 72.639225
492.478 73.982737
493.268 75.949367
494.092 72.815534
494.898 74.441687
495.689 75.85335
496.481 75.757576
497.287 74.441687
498.084 75.282309
498.869 76.433121
499.677 74.257426
500.484 74.349442
501.267 76.628352
502.063 75.376884
502.862 75.093867
503.653 75.85335
504.44  76.238882
505.261 73.081608
506.082 73.081608
506.885 74.719801
507.732 70.838253
508.586 70.257611
509.415 72.376357
510.237 72.992701
511.076 71.513707
511.879 74.719801
512.671 75.757576
513.483 73.891626
514.292 74.165637
515.095 74.719801
515.917 72.992701
516.757 71.428571
517.597 71.428571
518.445 70.754717
519.318 68.728522
520.144 72.639225
520.942 75.18797
521.7365    75.519194
522.531 75.519194
523.307 77.319588
524.108 74.906367
524.9   75.757576
525.713 73.800738
526.506 75.662043
527.315 74.165637
528.094 77.021823
528.877 76.628352
529.656 77.021823
530.423 78.226858
531.182 79.051383
531.955 77.619664
532.7305    77.369439
533.506 77.369439
534.303 75.282309
535.112 74.165637
535.916 74.626866
536.6795    78.585462
537.443 78.585462
538.213 77.922078
538.969 79.365079
539.732 78.636959
540.508 77.319588
541.276 78.125
542.046 77.922078
542.8   79.575597
543.554 79.575597
544.301 80.321285
545.057 79.365079
545.81  79.681275
546.566 79.365079
547.303 81.411126
548.045 80.862534
548.769 82.872928
549.492 82.987552
550.209 83.682008
550.95  80.97166
551.713 78.636959
552.525 73.891626
553.374 70.671378
554.23  70.093458
555.086 70.093458
555.913 72.551391
556.711 75.18797
557.505 75.566751
558.275 77.922078
559.013 81.300813
559.736 82.987552
560.456 83.333333
561.198 80.862534
562.0345    71.727436
562.871 71.727436
563.751 68.181818
564.607 70.093458
565.455 70.754717
566.297 71.258907
567.124 72.551391
567.941 73.439412
568.74  75.093867
569.526 76.335878
570.308 76.726343
571.084 77.319588
571.873 76.045627
572.686 73.800738
573.494 74.257426
574.304 74.074074
575.108 74.626866
575.916 74.257426
576.703 76.238882
577.483 76.923077
578.262 77.021823
579.037 77.419355
579.857 73.170732
580.767 65.934066
581.67  66.445183
582.531 69.686411
583.418 67.643743
584.272 70.257611
585.131 69.848661
585.961 72.289157
586.769 74.257426
587.554 76.433121
588.319 78.431373
589.098 77.021823
589.882 76.530612
590.678 75.376884
591.49  73.891626
592.285 75.471698
593.093 74.257426
593.896 74.719801
594.693 75.282309
595.482 76.045627
596.27  76.142132
597.06  75.949367
597.837 77.220077
598.64  74.719801
599.419 77.021823
600.215 75.376884
600.3   0
600.4   0
600.5   0
600.6   0
600.7   0
600.8   0
600.9   0
601 0
601.1   0
601.2   0
601.3   0
601.4   0
601.5   0
601.6   0
601.7   0
601.8   0
601.9   0
602 0
602.1   0
602.2   0
602.3   0
602.4   0
602.5   0
602.6   0
602.7   0
602.8   0
602.9   0
603 0
603.1   0
603.2   0
603.3   0
603.4   0
603.5   0
603.6   0
603.7   0
603.8   0
603.9   0
604 0
604.1   0
604.2   0
604.3   0
604.4   0
604.5   0
604.6   0
604.7   0
604.8   0
604.9   0
605 0
605.1   0
605.2   0
605.3   0
605.4   0
605.5   0
605.6   0
605.7   0
605.8   0
605.9   0
606 0
606.1   0
606.2   0
606.3   0
606.4   0
606.5   0
606.6   0
606.7   0
606.8   0
606.9   0
607 0
607.1   0
607.2   0
607.3   0
607.4   0
607.5   0
607.6   0
607.7   0
607.8   0
607.9   0
608 0
608.1   0
608.2   0
608.3   0
608.4   0
608.5   0
608.6   0
608.7   0
608.8   0
608.9   0
609 0
609.1   0
609.2   0
609.3   0
609.4   0
609.5   0
609.6   0
609.7   0
609.8   0
609.9   0
610 0
610.1   0
610.2   0
610.3   0
610.4   0
610.5   0
610.6   0
610.7   0
610.8   0
610.9   0
611 0
611.1   0
611.2   0
611.3   0
611.4   0
611.5   0
611.6   0
611.7   0
611.8   0
611.9   0
612 0
612.1   0
612.2   0
612.3   0
612.4   0
612.5   0
612.6   0
612.7   0
612.8   0
612.9   0
613 0
613.1   0
613.2   0
613.3   0
613.4   0
613.5   0
613.6   0
613.7   0
613.8   0
613.9   0
614 0
614.1   0
614.2   0
614.3   0
614.4   0
614.5   0
614.6   0
614.7   0
614.8   0
614.9   0
615 0
615.1   0
615.2   0
615.3   0
615.4   0
615.5   0
615.6   0
615.7   0
615.8   0
615.9   0
616 0
616.1   0
616.2   0
616.3   0
616.4   0
616.5   0
616.6   0
616.7   0
616.8   0
616.9   0
617 0
617.1   0
617.2   0
617.3   0
617.4   0
617.5   0
617.6   0
617.7   0
617.8   0
617.9   0
618 0
618.1   0
618.2   0
618.3   0
618.4   0
618.5   0
618.6   0
618.7   0
618.8   0
618.9   0
619 0
619.1   0
619.2   0
619.3   0
619.4   0
619.5   0
619.6   0
619.7   0
619.8   0
619.9   0
620 0
620.1   0
620.2   0
620.3   0
620.4   0
620.5   0
620.6   0
620.7   0
620.8   0
620.9   0
621 0
621.1   0
621.2   0
621.3   0
621.4   0
621.5   0
621.6   0
621.7   0
621.8   0
621.9   0
622 0
622.1   0
622.2   0
622.3   0
622.4   0
622.5   0
622.6   0
622.7   0
622.8   0
622.9   0
623 0
623.1   0
623.2   0
623.3   0
623.4   0
623.5   0
623.6   0
623.7   0
623.8   0
623.9   0
624 0
